1
2
3
8
9
10
11
24
34
35
36
41
42
43
44
73
74
84
85
90
91
92
93
106
132
133
170
175
176
177
178
239
240
241
242
292
293
294
295
308
309
310
311
316
326
327
328
357
407
433
434
439
440
477
478
491
492
493
494
499
500
501
511
636
637
638
639
644
645
646
647
705
706
707
733
738
739
740
741
770
888
889
890
895
896
897
898
911
912
922
923
928
929
930
931
992
993
1043
1053
1183
1184
1185
1186
1199
1200
1201
1202
1279
1280
1281
1282
1311
1312
1313
1314
1319
1329
1330
1331
1344
1466
1467
1468
1473
1624
1634
1635
1888
1889
1890
1891
1896
1897
1898
1935
1948
1949
1950
1951
1956
1957
1958
1959
2177
2178
2179
2229
2234
2235
2261
2262
2275
2285
2286
2287
2292
2293
2294
2295
2356
2357
2475
2476
2481
2482
2483
2484
2497
2667
2668
2678
2683
2684
2685
2711
2740
2741
2742
2743
2793
2794
2795
2796
2809
2810
2811
2812
2817
2854
2855
2856
2981
2982
2983
2984
3234
3235
3245
3246
3384
3385
3386
3387
3392
3393
3394
3404
3433
3434
3435
3436
3441
3442
3443
3444
3745
3746
3747
3748
3753
3754
3755
3756
3817
4077
4078
4079
4084
4085
4086
4087
4100
4101
4111
4112
4117
4118
4119
4120
4149
4150
4272
4390
4638
4688
4689
4690
4703
4704
4855
4856
4906
4907
4908
4909
5418
5419
5420
5421
5426
5436
5437
5438
5451
5452
5453
5454
5459
5460
5497
5498
5527
5528
5529
5555
5560
5561
5562
5572
5585
5586
5587
5588
5593
5594
5595
5596
5846
6136
6137
6138
6143
6144
6194
6195
6208
6245
6246
6247
6377
6378
6379
6380
6409
6410
6420
6421
6426
6427
6428
6429
6442
6443
6444
6454
6459
6460
6461
6462
6587
6588
6589
6590
7072
7098
7099
7100
7113
7114
7115
7116
7121
7131
7132
7133
7162
7163
7333
7334
7339
7340
7350
7743
7756
7757
7758
7759
7764
7765
7791
7828
7889
7890
7891
7892
7897
7898
7899
7900
7958
8320
8321
8443
8448
8449
8450
8451
8480
8490
8491
8492
8497
8498
8499
8650
8663
8664
8701
8702
8707
8708
8709
8710
8963
8964
8965
8975
8980
8981
8982
8983
9241
9242
9243
9244
9294
9295
9296
9297
9851
9852
9853
9854
9859
9977
9978
9979
9992
9993
9994
9995
10000
10001
10011
10012
10073
10074
10075
10076
10081
10082
10083
10093
10106
10132
10133
10134
10139
10140
10141
10142
10603
10604
10605
10606
10611
10612
10613
10614
10627
11127
11128
11129
11134
11135
11136
11137
11262
11263
11523
11524
11529
11530
11531
11532
11545
11546
11547
11584
11589
11590
11591
11592
11621
11622
11623
11624
11674
11675
11676
11677
11690
11691
11692
11718
11723
11733
11734
11735
11796
11797
11798
11799
12409
12410
12771
12772
12785
12786
12836
12837
12842
12843
12844
12854
12883
12884
12885
12886
13141
13142
13143
13144
13202
13203
13204
13374
13379
13380
13381
13382
14403
14440
14441
14442
14447
14448
14449
14450
14463
14464
14474
14475
14480
14506
14507
14508
14537
15067
15068
15078
15083
15084
15085
15086
15099
15100
15101
15151
15228
15229
15230
15231
15292
15293
15294
15295
15300
15310
15336
15337
15350
15351
15352
15353
15358
15359
15369
15370
15399
15400
15401
15402
15407
15408
15409
15527
15540
15541
15542
15543
15548
15549
15550
15576
16466
16467
16757
16758
16763
16764
16765
16766
16779
16789
16790
16791
17041
17042
17043
17044
17073
17074
17111
17112
17117
17118
17119
17120
17258
17259
17260
17270
17275
17397
17398
17399
17460
17461
17462
17463
17513
17514
17515
17516
17529
17530
17531
17532
17537
17574
17575
17576
17605
18381
18382
18383
18388
18389
18399
18400
18413
18414
18415
18416
18421
18471
18472
18482
18735
18736
18737
18738
18743
18744
18745
18746
19452
19453
19479
19480
19485
19486
19487
19488
19517
19527
19528
19529
19534
19535
19536
19537
19550
19551
19561
19562
19567
19568
19569
19570
19631
19632
19633
19920
20770
20771
20772
20773
20786
20787
20788
20789
20839
20840
21233
21234
21263
21264
21265
21266
21271
21281
21282
21283
21296
21297
21298
21299
21429
21430
21467
21468
21593
21594
21595
21596
21601
21602
21603
21613
21626
21627
21628
21629
21634
21635
21636
21637
21855
21856
22218
22219
22224
22250
22372
22373
22386
23476
23477
23478
23483
23484
23485
23535
23596
23597
23607
23608
23613
23614
23615
23616
23629
23630
23631
23641
23646
23647
23798
23799
23828
23829
23830
23831
23908
23909
23910
23911
23924
23925
23926
23927
23932
23942
23943
23944
24453
24454
24455
24456
24461
24462
24472
24498
24511
24512
24513
24514
24519
24520
24521
24558
25616
25617
25618
25619
25624
25625
25626
25627
25685
25686
25687
25688
25693
25694
25695
25696
26282
26292
26293
26294
26299
26300
26301
26302
26315
26316
26434
26435
26440
26441
26442
26443
26472
26473
26474
26484
26489
26490
26491
26492
26505
26531
26532
26533
26583
26584
26585
26586
26711
26761
26762
26763
26768
26805
26806
26807
26820
27662
27663
27664
27669
27839
27849
27971
28000
28001
28027
28028
28033
28034
28035
28045
28058
28059
28060
28061
28066
28067
28068
28069
28562
28563
28564
28854
28859
28860
28861
28862
28875
28885
28886
29037
29042
29043
29044
29045
29074
29075
29575
29576
29581
29582
29583
29584
29597
29598
29599
29717
29722
29723
29724
29725
29978
29979
29980
29981
31281
31282
31283
31284
31297
31298
31299
31300
31305
31315
31316
31317
31346
31347
31348
31349
31354
31355
31392
31393
31406
31407
31408
31409
31414
31440
31441
31451
31512
31513
31514
31564
31569
31570
31571
31572
31630
31631
31632
31633
31638
31639
31640
31641
31670
31707
31708
31709
31714
31715
31741
31742
31755
31756
31766
31767
31772
31773
31774
31775
31900
32862
32863
32873
32878
32879
32880
32881
33499
33500
33501
33502
34227
34228
34229
34255
34284
34285
34286
34287
34537
34547
34548
34549
34562
34563
34564
34565
34570
34571
34581
34582
34643
34644
34645
34646
34651
34652
34653
34690
34953
35954
35955
35956
35961
35962
35963
35964
36182
36183
36184
36185
36190
36191
36361
36362
36375
36385
36386
36387
36392
36393
36394
36395
38440
38466
38503
38504
38509
38902
38903
38904
38917
38918
38919
38929
38934
38935
38936
38937
38966
38967
38968
38969
39019
39020
39021
39022
39035
39036
39062
39063
39068
39186
39187
39188
39249
39250
39780
39781
39786
39787
39797
39798
39811
39812
39813
39814
39819
39820
39821
39831
39860
39861
39862
39888
39893
39894
39944
39945
40246
40247
40248
40610
40615
40616
40617
40618
40743
41963
41964
41965
41970
41971
41972
41973
41986
41987
41997
41998
42128
42129
42130
42131
42160
42161
42162
42199
42204
42205
42206
42207
42220
42221
42222
42223
42273
42274
42275
42276
42337
42338
42339
42340
42345
42730
42731
42781
42794
42795
42796
42797
42802
42803
42921
42922
42951
42952
42953
42954
42959
42960
42961
42971
42984
42985
42986
42987
42992
42993
43019
43020
44038
44039
44040
44041
45491
45492
45493
45494
45507
45544
45545
45546
45551
45552
45553
45554
45583
45584
45594
45595
45600
45601
45602
45628
45886
45887
45888
45898
45903
45904
45905
46075
46136
46137
46138
46139
46216
46217
46218
46219
46232
46233
46234
46235
46240
46250
46251
46252
46806
46807
46808
46809
46814
46815
46825
46826
46839
46840
46962
46963
46968
46969
46970
47331
47456
47457
47458
47459
47464
47465
47466
47467
47525
48825
48826
48827
48832
48833
48834
48835
48864
48874
48875
48876
48881
48882
48883
48884
48897
48898
48935
48936
48941
48942
48943
48944
49005
49006
49782
49792
49797
49798
49799
49800
49813
49814
49815
49816
49866
49867
49868
49869
49898
49899
49900
49901
49906
49943
49944
49945
49958
49959
50009
50035
50040
50041
50051
50052
50561
50562
50563
50564
50569
50570
50571
50581
50594
50595
50596
50597
50602
50603
50604
50605
52767
52768
52769
52770
52900
52901
52902
52903
52916
52926
52927
52928
52933
52934
52935
52936
52997
52998
53008
53009
53014
53015
53016
53017
53030
53031
53032
53559
53564
53590
53591
53592
53621
53622
53623
55076
55126
55127
55128
55129
55142
55143
55144
55145
55150
55160
55161
55162
55287
55288
55289
55290
55295
55296
55583
55584
56442
56443
56444
56445
56450
56451
56452
56462
56491
56492
56493
56494
56499
56500
56501
56502
56560
57930
57931
57932
58525
58526
58527
58678
58739
58857
58858
58859
58864
58865
58866
58867
58880
58881
58891
58892
58897
58898
58899
58900
58929
58930
58931
58941
58946
58947
58948
58949
59087
59088
59089
59090
59167
59168
59169
59170
59423
59424
59425
59426
59431
59441
59442
59443
59456
59457
59458
59459
59464
59514
59524
59525
59554
59580
59581
59582
59587
59588
59589
59626
59639
59640
59641
59642
59647
59648
59649
59650
59900
59901
59902
59903
61713
62003
62004
62005
62018
62028
62054
62055
62665
62666
62667
62668
62697
62698
63788
63789
63794
63795
63796
63797
63810
63811
63812
63822
63827
63828
63878
63879
64004
64005
64006
64032
64082
64083
64084
64085
64098
64099
64100
64101
64106
64143
64144
64145
64174
64175
64176
64177
64182
64183
64193
64194
64207
64208
64209
64210
64465
64466
64467
64477
64538
64539
64540
64541
64546
64547
64548
64549
64850
64851
64852
64853
64858
64859
64860
64910
64939
66639
66640
66641
66646
66672
66673
66674
66687
66688
66698
66699
66704
66705
66706
66707
67728
67729
67730
67848
67853
67854
67855
67856
67869
67870
67871
67872
67922
67923
67949
67950
67979
67980
67981
67982
67987
67997
67998
67999
68012
68013
68014
68015
68020
68021
68058
68059
69149
69150
69151
69152
69157
69279
69280
69540
69553
69554
69555
69556
69561
69562
69563
69564
69782
69783
69784
70314
70319
70320
70321
70322
70335
70372
70373
70374
70379
70380
70381
70382
72632
72633
72643
72644
72649
72650
72651
72652
72665
72666
72667
72677
72682
72683
72684
72685
72714
72764
72765
72766
73248
73249
73250
73251
73264
73415
73416
73417
73422
73432
73433
73434
73495
73496
73497
73498
73503
73504
73514
73515
73528
73529
73530
73531
73536
73537
73538
73575
73604
73605
73631
73632
73637
73638
73639
73640
73698
73699
73700
73701
73706
73707
73708
73709
73962
73972
74022
74023
74028
74029
74030
74031
74044
74045
74082
74108
74113
74114
74115
74116
74145
75827
76669
76679
76684
76685
76686
76687
76700
76701
76871
76872
76922
76923
77045
77046
77107
77108
77109
77110
77240
77601
77602
77603
77616
77617
77618
77619
77624
77625
77635
77636
77665
77666
77667
78060
78065
78066
78067
78077
78090
78091
78092
78093
78098
78124
78125
78126
79259
80988
80989
80990
80995
80996
81286
81287
81300
81310
81311
81312
81317
81318
81319
81320
81349
81350
81360
81361
81366
81367
81518
81519
81532
81533
81534
81571
81576
81577
81578
81579
81640
81641
81642
81643
84143
84144
84145
84146
84159
84160
84161
84162
84167
84177
84178
84204
84233
84234
84235
84236
84241
84242
84360
84361
84374
84375
84376
84377
84382
84383
84384
84394
84903
84904
84905
84906
84911
84912
84913
84914
86222
86223
86224
86225
86230
86592
86593
86594
86623
86660
86661
86662
86667
86717
86718
86840
86853
86854
86864
86865
86870
86871
86872
86873
86934
86960
86961
86971
86976
86977
86978
86979
86992
86993
86994
86995
87072
87073
87074
87075
87104
87105
87106
87107
87112
87122
87123
87124
87137
88987
89013
89014
89019
89020
89030
89031
89156
89157
89158
89328
89333
89334
89384
89502
89515
89516
89517
89518
89523
89524
89525
89526
89744
89745
89746
90522
90527
90528
90529
90530
90543
90553
90554
90555
90560
90561
90562
90563
90624
90625
90662
90663
90668
90669
90670
90671
90684
90685
90686
90696
90826
90827
90828
90829
90858
90859
90860
90861
90911
90912
90913
90963
90976
90977
90978
90979
90984
91021
91022
91023
91276
91277
92239
92240
92245
92271
92281
92282
92295
92296
92297
92298
92303
92304
92305
92315
94885
94886
94887
94888
94893
94894
94895
94896
95845
95846
95847
95848
95853
95854
95880
95881
95942
95952
95953
95954
95959
95960
95961
95962
96220
96221
96231
96232
96237
96238
96239
96240
96269
96270
96271
96308
96313
96314
96315
96341
96354
96355
96356
96357
96407
96408
96409
96410
96535
96536
96537
96538
96543
96553
96554
96555
96568
96569
96570
96571
96576
96577
96614
96615
98294
98295
98296
98297
98302
98303
98304
98314
98327
98377
98378
98379
98384
98385
98386
98387
98637
98638
98639
98640
98645
98646
98647
98937
98950
101343
101344
101345
102195
102196
102197
102198
102227
102228
102238
102239
102244
102245
102246
102247
102260
102261
102262
102272
102277
102278
102279
102280
106373
106374
106400
106401
106478
106479
106480
106481
106494
106616
107009
107010
107015
107025
107026
107027
107056
107057
107058
107059
107064
107065
107075
107076
107089
107090
107091
107117
107122
107123
107124
107161
107222
107223
107224
107225
107230
107231
107232
107233
107291
107292
107293
107294
107299
107300
107301
107302
107331
107341
107342
107343
107473
107474
107475
107476
107489
107490
107608
107658
107663
107664
107665
107666
107791
107792
107793
107803
110453
110454
110455
110456
110469
110470
110471
110472
110522
110673
110674
110675
110704
110705
110706
110707
110712
110749
110750
110751
110764
110765
110766
110767
110772
110773
110783
110784
110845
110846
110847
110848
110853
110854
110880
110890
110903
110904
110905
110906
111156
111157
111158
111159
111620
111621
111622
111623
111628
111629
111991
111992
112005
112015
112016
112017
112022
112023
112024
112050
112303
112304
113524
113525
113530
113531
113532
113533
113546
113547
113548
116825
116830
116831
116832
116833
116862
116863
116864
116865
116915
117085
119283
119284
119422
119423
119424
119425
119430
119930
119931
119932
119993
122203
122204
122205
122210
122211
122248
122249
122262
122263
122264
122265
122270
122271
122272
122282
122311
122337
122338
122339
122344
122345
122346
122347
122405
122406
122407
122408
122413
122414
122415
122416
122541
122578
122579
122580
122585
122586
122587
122588
122601
122602
122987
122988
122993
122994
123044
123045
123074
123075
123076
123086
123091
123092
123093
123094
123107
123108
123109
123110
123592
123593
123594
123595
123656
123657
123658
123684
123689
123699
123700
123701
123714
123715
123716
123717
123722
123723
123733
123734
123763
123764
123765
123766
123771
123772
123773
123810
123823
123824
123825
123947
124077
124078
124079
124129
127707
127708
127709
127710
127715
127716
127717
127718
129176
129186
129187
129188
129193
129194
129195
129196
129225
129226
129263
129264
129269
129295
129296
129297
129310
129311
129312
129322
129327
129328
129329
129330
129391
129392
129393
129394
129444
129445
129446
129447
129460
129461
129462
129463
129468
129586
129612
129613
130671
130672
130673
130674
130679
130680
130690
130691
130704
130705
130706
130707
130712
130713
130883
130893
131018
131019
131020
131021
131026
131027
131028
131179
131480
131481
131482
131483
131488
131489
131490
131491
131520
131530
131531
131532
131537
131538
131539
131540
131553
131554
131564
131565
131570
131571
131572
131573
132159
134953
134954
134991
134996
134997
134998
134999
135012
135013
135014
135015
135065
135066
135067
135068
135097
135098
135099
135100
135710
135720
135721
135722
135735
135761
135762
135763
135768
135769
136130
136131
136384
136385
136386
136387
136392
136393
136394
136404
136417
136418
136419
136420
136425
136426
136427
136428
136646
136647
137947
137948
137953
137954
137955
137956
137969
138006
138007
138008
138013
138014
138015
138016
138077
138078
138088
138089
138094
138095
138096
138097
138110
138111
138112
138372
138377
138378
138379
138380
138409
138410
138411
138412
138489
138490
138491
138492
138505
138506
138507
138508
138513
138523
138524
138525
138650
138651
138652
138702
142082
142083
142093
142094
142107
142108
142109
142110
142115
142116
142117
142235
142264
142265
142266
142267
142272
142273
142274
142275
142333
142334
142335
143177
143182
143208
143209
143571
143632
143642
143643
143644
143649
143650
143651
143821
143834
143835
143872
143873
143878
144000
144001
144002
144031
144032
144033
144043
144293
144294
144320
144321
144334
144335
144336
144337
144387
144388
144389
144390
145411
145412
145413
145414
145419
145456
145457
145458
145471
145472
145473
145474
145479
145480
145490
145516
145545
145546
145547
145548
145553
145554
145555
145565
145578
145579
145580
145581
145586
145587
145588
145589
147783
147784
147785
147786
147791
147841
147842
147843
147981
150881
150882
150883
150888
150889
150890
150891
150920
150921
150931
150932
150937
150938
150939
150940
150953
150954
150955
150992
150997
150998
150999
151000
151125
151276
151277
151278
151328
151329
151330
151331
151344
151345
151346
151347
151352
151362
151363
151364
151393
151394
151395
151396
151401
151931
152458
152459
152472
152473
152499
152500
152505
152506
152507
152517
152578
152579
152580
152581
152586
152587
154040
154041
154099
154100
154101
154102
154107
154108
154109
154110
154139
154500
154501
154527
154532
154533
154534
154535
154548
154549
154559
154560
154565
154566
154567
154568
154821
154822
154823
154833
154838
154839
154840
154890
154903
154904
154905
154906
156233
156234
156235
156236
159814
159815
159816
159817
159822
159832
159833
159834
159847
159848
159849
159850
159855
159856
159866
159867
159928
159929
159930
159931
159936
159962
159963
160000
160013
160014
160015
160016
160021
160022
160023
160024
160242
160243
161613
161614
161619
161620
161621
161622
164967
164977
164978
164979
164984
164985
165136
165137
165262
165263
165381
165382
165387
165388
165389
165390
165403
165404
165405
165415
165420
165421
165422
165423
165452
165453
165454
165455
165505
165506
165507
165533
165546
165547
165548
165549
165554
165591
165592
165714
165775
165776
165777
165778
165783
165784
165794
165795
165808
165858
165859
165860
165865
165866
165867
165877
166431
166432
166433
166434
166439
166440
166441
166442
166743
169553
169554
169555
169560
169561
169562
169563
170072
170082
170083
170084
170089
170090
170091
170092
170105
170131
170141
170142
170147
170148
170149
170150
170179
170180
170181
170299
170304
170305
170306
170307
170320
170321
170371
170372
170422
170423
170424
170425
170486
170487
170513
170514
170519
170529
170530
170531
170544
170545
170546
170547
170552
170553
170590
170591
170620
170621
170622
170623
170628
170629
170630
170640
170653
170823
170824
170975
170980
170981
170982
170983
171873
171874
171875
172837
172842
172843
172844
172845
174663
174700
174990
175040
175045
175046
175047
175048
175077
175078
175088
175089
175219
175220
175221
175222
175840
175841
175842
175852
175857
175858
175859
175860
175921
175922
175923
175924
180294
180295
180296
180297
180310
180311
180312
180313
180318
180578
180579
180580
180609
180610
180611
180612
180617
180618
180628
180629
180642
180643
180644
180645
180895
180896
180897
180934
181187
181188
181189
181190
181195
181196
181222
181223
181281
181282
181283
181284
181289
181290
181291
181292
181321
181331
181332
181333
181338
181339
181340
181341
181354
181355
181392
181393
181398
181399
181400
181426
181487
181488
181489
181499
181504
181505
181506
181507
181520
181521
181522
181523
181573
181623
181624
181625
181654
181655
181656
181657
181662
181780
181781
181782
183045
183046
183047
183048
183053
183054
183064
183065
183190
183191
183192
183193
183198
183199
183200
183210
183223
183224
183225
183226
183231
183232
183233
183234
183695
186867
186868
186869
186874
186875
186876
186877
186890
186900
186901
186902
186907
186908
186958
186959
187020
187021
188721
188722
188727
188728
188729
188730
188743
188744
188770
188807
188812
188813
188814
188815
188844
188845
188846
188847
188897
188898
188899
188900
188913
188914
188915
188916
188921
188931
188932
188933
190978
190979
190980
191006
191011
191012
191130
191131
191144
191145
191146
191147
191152
191153
191154
191997
192026
192027
192028
192029
192034
192035
192036
192037
192095
192096
192097
192098
192228
192229
192230
192231
192292
192329
192330
192331
192336
192337
192338
192339
192352
192353
192363
192364
192369
192370
192371
192372
192401
192402
192403
192413
192418
196319
196320
196321
196334
196335
196336
196337
196414
196415
196416
196417
200707
200708
200709
200710
200715
200725
200726
200727
200740
200741
200863
200864
200869
200870
201130
201131
201160
201161
201162
201163
201168
201169
201170
201531
201544
201545
201546
201547
201552
201553
201554
201555
201805
201806
201807
201808
201813
201814
202344
202370
202383
202393
202394
202684
202689
202690
202691
202692
202721
202771
202808
202809
202814
202815
202816
202817
202830
202831
202832
202842
202847
202848
202849
202850
205228
205229
205230
205231
205281
205282
205283
205284
205297
205298
205299
205469
205474
205511
205512
205513
205542
205543
205544
205545
205550
205551
205561
205562
205575
205601
205602
205603
205608
205609
205610
205620
205681
205682
205732
205733
205738
205739
205740
205741
206447
206448
206449
206450
206455
206456
206457
206458
206487
210107
210258
210259
210264
210265
210266
210267
210280
210281
210291
210292
210297
210298
210299
210300
210425
210426
210427
211674
211679
211680
211681
211682
211695
211696
211697
211723
211773
211774
211775
211776
211805
211806
211807
211857
211862
211872
211873
211874
211887
211888
211889
211890
211895
211896
211933
211934
211995
211996
211997
211998
212128
212129
212130
212140
212153
212154
212155
212156
212161
212162
212163
212164
212382
212383
212384
212385
212390
212391
212392
212393
212406
212524
212525
212526
212531
212557
212558
212559
213068
213069
213079
213080
213330
213331
213332
213333
213346
213347
213348
213358
213363
213364
213365
213366
213395
213396
213397
213398
213475
213476
213502
213503
213516
213517
213518
213519
213524
213534
213535
213536
213597
213598
215280
215281
219491
219492
219502
219503
219516
219517
219518
219519
219524
219525
219526
223313
223342
223343
223344
223345
224195
224245
224246
224247
224305
224306
224307
224308
224918
224919
224920
224921
225046
225056
225057
225058
225063
225064
225065
225066
225204
225205
225566
225567
225572
225573
225574
225575
225604
225605
225606
225616
225621
225622
225623
225624
225637
225638
225639
225640
225690
225691
225692
225693
225754
225780
225781
225782
225787
225824
226217
226218
226231
226232
226233
226234
226239
226240
226250
226251
226280
226281
226282
226283
226288
226289
226290
226300
226313
226314
226340
226341
226346
226347
226348
226349
229338
229339
229340
229341
229346
229347
229348
229349
229362
229372
229373
229374
230824
230825
230826
230827
230856
230857
230867
230893
230898
230899
230900
230950
230963
234445
234446
234564
234569
234570
234571
234572
234633
234634
234635
234636
234686
234687
234688
234689
234702
234703
234704
234705
234960
234970
234971
234972
235001
235002
235003
235004
235009
235131
235168
235169
235182
235183
235184
235185
235190
235191
235192
235202
235327
235328
235329
235330
235335
235361
235362
235363
237871
237872
237873
237874
237879
237880
237881
237882
237911
237948
237949
237950
237955
237956
237957
237958
237971
237972
237982
237983
237988
238158
238184
238185
238246
238247
238248
238258
238263
238264
238265
238266
238279
238280
238281
238282
238764
238765
238766
238767
238796
238797
238798
238799
238804
238814
238815
238841
238854
238904
238905
238906
238911
238912
238922
238923
239944
239945
239946
239947
239952
239953
239954
239991
240004
240005
240006
240007
240012
240013
240014
240015
245483
245484
245485
245486
245491
245492
245493
245494
245507
245517
245879
245880
245885
245886
245887
245888
245949
245950
245987
245988
245993
245994
245995
245996
246009
246160
246210
246220
246225
246226
246348
246349
246378
246379
246380
246381
246431
246432
246433
246434
246447
246448
246449
246450
246455
247545
247546
247547
247672
247673
247699
247700
247705
247706
247716
247717
247730
247731
247732
247733
247738
247739
247740
247750
247779
247780
247781
247782
247787
247788
247789
247790
248091
248092
248093
249393
249398
249399
249400
249401
249462
249472
249473
249474
249479
249480
249481
249482
249495
249496
249506
249507
249512
249513
249514
249515
249544
249545
251395
251432
251562
251563
251564
252094
252107
252108
252109
252110
252160
252161
252162
252163
252416
252417
252418
252419
252424
252434
252604
252605
252618
256340
256341
256342
256592
256618
256736
256737
256766
256767
256768
256769
256774
256775
256776
256786
256799
256800
256801
256802
256807
256808
256809
256810
257060
257061
257062
257063
257068
257069
257845
257967
257980
258017
258018
258019
258024
258314
258315
258316
258345
258346
258356
258357
258362
258363
258364
258365
258378
258379
258380
258390
258395
258788
258789
258815
258940
258941
258942
258943
259020
259021
259022
259023
259036
259037
259038
259039
259044
259054
259055
259056
259085
259086
259087
259088
259093
259094
259104
259105
259243
259244
259245
259246
259251
259252
259253
259371
259432
259433
259434
259435
259440
259441
259442
259443
259501
259502
259503
259504
259509
259510
259560
259561
259590
259850
259851
259852
259857
259858
259859
259860
259873
259874
259911
259912
259917
259918
259919
259920
260429
260430
260431
260441
265251
265252
265253
265254
265267
265268
265294
265295
265345
265346
265347
265348
265377
265378
265379
265380
265385
265422
265423
265424
265437
265438
265439
265440
265445
265446
265456
265506
268108
268109
268110
268261
268266
268267
268268
268278
268291
268292
268293
268294
268299
268300
268301
268471
270876
270877
270878
270879
270884
270885
270886
270887
270900
270910
270911
270912
271042
271043
271044
271045
271170
271171
271181
271182
271187
271188
271189
271190
271203
271204
271205
271242
271247
271248
271249
271250
272308
272309
272310
272311
272361
272387
272388
272389
272402
272403
272404
272405
272410
272420
272421
272422
272483
272484
272485
272486
272491
272492
272529
272530
272543
272544
272545
272546
272551
272552
272578
272588
272617
272618
272619
272620
272625
272626
272627
272628
272686
272687
272688
272689
272694
272695
272696
272697
272950
277527
277528
277890
277895
277896
277897
277923
277936
277937
277947
277948
277953
277954
277955
277956
277985
277986
277987
277997
278002
278003
278004
278005
278018
279471
279472
279473
279550
279551
279552
279553
281264
281265
281266
281267
281272
281282
281283
281284
281297
281298
281299
281300
281305
281306
281316
281317
281346
281347
281397
281398
281403
281404
281405
281442
281455
281481
281482
281483
281488
281489
281490
281491
282381
282382
282383
282384
282389
282390
282391
282392
282405
282415
282416
282417
282422
282423
282713
282714
282743
282744
285137
285138
285143
285144
285145
285146
286004
286005
286006
286016
286021
286022
286023
286024
286085
286086
286087
286137
286187
286188
286189
286190
286203
286204
286205
286231
286236
286273
286274
286275
286304
286305
286306
286307
286312
286313
286323
286324
286337
286338
286339
286340
286345
286346
286347
286357
294546
294547
294548
294549
294679
294680
294681
294682
294983
294984
294985
296355
296360
296361
296362
296363
296392
296402
296524
296525
297118
297119
297120
297121
297134
297135
297145
297146
297151
297302
297303
297304
297365
297366
297367
297728
297733
297734
297735
297736
297749
297750
297751
297752
297802
297803
297804
297805
297834
297835
297836
297837
297842
297852
297878
297879
297892
297893
297894
297895
297900
297901
297938
297939
298064
298065
298066
298067
298072
298122
298123
298133
298146
298147
298148
298149
298154
298155
298156
298182
298400
298401
298402
298403
298408
298409
298410
298411
298424
298461
298462
298463
298468
298469
298470
298471
298532
298533
298543
298544
298549
298550
298551
298552
298690
298691
298692
298702
298707
299549
299550
299551
299580
299581
299582
299583
300065
300066
300116
300117
300130
300131
300132
300133
300138
300148
300149
300150
300403
304823
304824
304825
304830
304831
304841
304842
307500
307501
307502
307624
307629
307630
307631
307668
307697
307698
307699
307700
307705
307706
307707
307708
307766
307767
307918
307919
307924
307925
307926
307927
307988
307998
307999
308000
308005
308006
308007
308057
308070
308071
308108
308109
308114
308115
308116
308117
308146
308147
308148
308408
308413
308414
308415
308416
308429
308430
308431
308432
308482
308483
308484
308485
308610
308611
308612
308613
308618
308736
308737
308738
308751
308752
308753
308754
308884
308885
308895
308896
308925
308926
308927
308928
308933
308934
308935
308945
309203
309204
309205
309206
309211
309212
309213
309214
309707
309708
309709
309710
309715
309741
309742
309743
309756
309766
309767
309768
311578
311579
311580
311870
311899
311900
311910
311911
311916
311917
311918
311919
311932
311933
311934
311971
311976
311977
312003
312004
312513
312514
312515
312516
318616
318617
318618
318619
318632
318682
318683
318684
318689
318699
318700
318701
318730
318731
318732
318733
318738
318739
322016
322792
322805
322806
322807
322808
322813
322814
322815
322825
322886
322887
322888
322889
322894
322895
322896
322897
322955
322956
325323
325324
325329
325330
325331
325332
325886
325923
325924
325925
325930
325931
325932
325933
325946
325947
326447
326448
326453
326454
326455
326456
326581
326582
328792
328802
328807
328808
328809
328810
328823
328849
328850
328851
328928
328929
328930
328931
328960
328961
328962
328963
328968
328978
328979
328980
328993
328994
328995
328996
329001
329002
329012
329013
329074
329075
329101
329102
329107
329108
329109
329227
329240
329241
329242
329635
329640
329641
329642
329643
329861
329862
329863
329864
329869
329870
329871
329872
329885
329895
329896
329922
329927
330049
330050
330051
330304
330305
330342
330343
330348
330349
330350
330351
330364
334854
334855
334865
334870
334871
334872
334873
334902
334903
334904
334905
336330
336331
336332
336333
336346
336347
336348
336349
336599
336636
336637
336638
336699
336700
336701
336702
336707
336708
336718
336719
336732
336733
336734
336735
336740
336766
336767
336777
336806
336807
336808
336809
336814
336815
336816
336817
337523
337524
337525
337526
337531
337532
337533
337534
337659
337669
337670
337671
337676
337677
337703
337704
337717
337718
337728
337729
337734
337784
337785
337786
337815
337816
337817
339544
339549
339550
339551
339552
339565
339566
339567
339568
339618
339619
339620
339646
339707
339708
339709
339710
339715
339725
339726
339727
339740
339741
339742
339743
339748
339749
339786
339787
339816
339817
339818
339819
339824
339825
339947
339957
340095
340096
340097
340098
340103
340104
340154
340155
344245
344246
344247
344248
344253
344254
344255
344256
344269
344630
344631
344632
344637
344638
344639
344640
350738
350889
350899
350900
350905
350906
350907
350908
350921
350922
350923
350933
350938
350939
350940
350941
351002
351003
351004
351005
351082
351083
351084
351085
351098
351099
351125
351126
351131
351141
351142
351192
351221
351222
351223
351224
351229
351230
351240
351241
351254
351255
351256
351257
351262
351263
351264
351301
351426
351427
351428
351454
351459
351460
351461
351462
351520
351521
351522
351523
351528
351529
351530
351531
351560
351570
351571
351572
351577
351939
351940
351941
351954
351955
352073
352074
352204
352205
352206
352207
353297
353298
353299
353309
353314
353315
353316
353317
353330
353331
353332
353333
353383
353384
353385
353507
353536
353537
353538
353539
353544
353831
353832
353833
353846
353847
353848
353849
354699
354700
354710
354711
354964
354965
354966
354967
354972
354973
354974
354984
354997
354998
354999
355000
355005
355006
355157
355158
355619
355669
355670
355671
355676
355677
355678
355679
355692
360992
360993
360994
360999
361000
361001
361002
361063
361064
361074
361075
361080
361081
361082
361108
361121
361122
361123
361241
361246
361247
361248
361249
361278
361279
361280
361281
361331
361332
361333
361334
361347
361348
361349
361350
361355
361365
361366
361367
363617
363618
366412
366413
366418
367380
367417
367418
367431
367432
367433
367434
367439
367440
367441
367451
367480
367481
367482
367483
367488
367489
367490
367491
367549
367575
367576
367577
367582
367583
367584
367585
367646
367683
367684
367685
367690
367691
367692
367693
368311
368312
368322
368323
368328
368329
368330
368331
368360
368361
368387
368887
368892
368893
368894
368895
368908
368909
368910
368911
369636
369637
369638
369639
370148
370149
370150
370151
370156
370166
370167
370168
370181
370182
370183
370334
370339
370340
370350
370351
370380
370381
370382
370383
370388
370389
370390
370427
370440
370441
370442
370443
370448
370449
370450
370451
370701
370702
370703
370704
377204
377374
377375
377376
377389
377399
377400
377401
377406
377407
377408
377409
377438
377728
382678
382679
382684
382685
382686
382687
382700
382701
382702
382712
382717
382743
382744
382745
382870
382871
382872
382873
382923
382924
382925
382926
382939
382940
382941
382942
382947
383065
383066
383067
383096
383097
383098
383099
383104
383154
383414
383415
383428
383429
383430
383431
383436
383437
383438
383448
383509
383631
383632
383633
383638
383639
383640
383641
383942
383943
383944
383945
383950
383951
383952
383978
384007
384017
384018
384019
384024
384025
384026
384027
384040
384041
384051
384052
384057
384058
384059
384060
384313
384314
384315
384352
384357
384358
384408
384409
388797
388798
388799
388800
388850
388851
388852
388853
388882
388883
388884
388885
388890
388900
388901
388902
388915
388916
388917
388918
388923
388924
389042
389043
389104
389130
389131
389132
389137
389138
389139
389149
389162
389163
389164
389165
389170
389171
389172
389173
389391
394433
394434
396116
396121
396122
396964
397014
397027
397064
397090
397091
397096
397097
397459
397460
397585
397586
397596
397597
397602
397603
397604
397605
397618
397619
397620
397630
397635
397636
397806
397807
397836
397837
397838
397864
397941
397942
397943
397944
397957
397958
398080
398081
398086
398096
398097
398098
398159
398160
398161
398162
398167
398168
398178
398179
398437
398438
398439
398440
398570
398571
398572
399662
399691
399692
399693
399694
399699
399700
399701
399702
399760
399761
399762
399763
399768
399769
399770
399771
401816
401826
401827
401828
401833
401984
401985
401986
401999
402000
402037
402038
402043
402044
402045
402046
402075
402076
402077
402087
402092
402093
402094
402095
402108
402501
402502
402503
402553
402554
402580
402581
402642
402643
402644
402645
402650
402687
402688
402689
402702
402703
402704
402705
402710
402711
402721
402722
402751
402752
402753
402754
402759
402760
402761
403021
403034
403035
403036
403037
403042
403043
403044
403045
412791
412792
412793
412794
412799
412800
412801
412802
412815
412825
412875
412876
412881
412882
412883
412884
413438
413439
416339
416461
416466
416467
416468
416469
416482
416483
416484
416521
416526
416527
416528
416529
416590
416591
416592
416593
416643
416644
416645
416646
416659
416685
416686
416687
416692
416702
416703
416704
416733
416734
416735
416736
416741
416742
416779
416949
416962
416963
416964
417014
417019
417020
417021
417031
417284
417285
417436
417437
417442
417443
417444
417445
417503
417504
417505
417506
417511
417512
417513
417514
417543
417661
417662
417663
417668
417669
417670
417671
417684
417685
417695
417721
417726
417727
417728
417729
417790
417791
417792
417802
417807
417808
417809
417810
417823
417824
418354
418355
420882
420883
420884
420885
420914
420915
420916
420917
421047
421057
421058
421059
421072
421073
421074
421075
421080
421081
421091
421092
421217
421218
421219
421220
421225
421226
421227
421264
421277
421278
421279
421280
423221
423247
423248
423249
423467
428797
428798
428799
428804
428805
428806
428807
428820
428830
428831
428832
428837
428887
428888
428889
428950
428951
429312
429313
429318
429319
429345
429346
429359
429360
429361
429371
429376
429377
429378
429379
429408
429409
429410
429411
429461
429462
429463
429464
429477
429478
429479
429480
429485
429522
429523
429674
430183
430184
430185
430186
430191
430192
430202
430203
430216
430217
430218
430219
430224
430225
430275
430285
430314
430315
430316
430317
430322
430323
430324
430325
431876
431877
431878
431879
431884
431885
431886
431887
435497
435507
435508
435509
435514
435515
435516
435878
435891
435892
435902
435903
435908
435909
435910
435911
435940
435966
435967
436085
436090
436091
436092
436093
436106
436107
436108
436109
436159
436160
436161
436211
436336
436337
436338
436339
436344
437564
437565
437566
437579
437580
437606
437607
437612
437613
437650
437651
437680
437681
437682
437683
437688
437689
437690
437700
437713
437714
437715
437716
437721
437722
437723
437724
437974
437975
437976
438002
444852
444853
444854
444855
444868
444905
444906
444907
444912
444913
444914
444915
449060
449061
449071
449361
449366
449367
449368
449369
449382
449383
449384
449394
449649
449650
449651
449652
449905
449906
449907
449908
450390
450391
450392
450393
450406
450407
450408
450409
450414
450424
450425
450426
450455
450456
450457
450458
450463
450489
450499
450500
450513
450514
450515
450516
450521
450522
450523
450560
450621
450671
450672
450673
450678
450679
450680
450681
450739
450740
450741
452591
452596
452597
452623
452624
452653
452663
452664
452665
452670
452671
452672
452673
452686
452687
452724
452725
452730
452731
452853
452854
452979
452980
452981
452991
452996
452997
452998
453024
453037
453207
453208
453209
453259
453260
453261
453262
453291
453292
453342
453343
453348
453709
453710
453711
453724
453725
453726
453727
453732
453733
453743
453744
454330
454331
454332
454333
454338
454339
454340
454350
454363
454364
454365
454366
454371
454372
454373
454374
454835
454836
457646
457647
457652
457653
457654
457655
457668
464303
464304
464305
464310
464311
464312
464313
465334
465335
465345
465395
465400
465401
465402
465403
465416
465417
465418
465455
465460
465461
465462
465463
465492
465493
465519
465520
465570
465571
465572
465573
465586
465587
465588
465589
465594
465604
465605
465606
465667
465668
465669
465670
465675
465676
465794
465795
465808
465809
465810
465836
465841
465842
465843
465853
465882
465883
465884
465885
466135
466136
466137
466259
466317
466318
466319
466320
466325
466326
466327
466328
466453
466490
466491
466492
466622
466623
466624
466625
466638
466639
466649
466650
466655
466656
466657
466658
466687
466688
466689
466699
466704
466705
466706
466707
466720
466721
466722
466723
466800
466826
466827
466828
466889
466890
466891
466892
466897
467397
467398
467399
467412
467413
467414
467415
467420
467421
467431
467432
467461
467462
467632
467633
467638
467639
467790
467908
467921
467922
467923
467924
467929
467930
467931
467932
468950
468951
468952
468953
468958
468959
469921
469922
469935
469945
469946
469947
469952
469953
469954
469980
477590
477591
477628
477629
479079
479080
479130
479131
479144
479145
479146
479156
479161
479162
479163
479164
479225
479226
479227
479228
479278
479279
479280
479281
479419
479420
479421
479422
479427
479464
479465
479466
482036
482037
482038
482039
482044
482045
482055
482056
482069
482070
482071
482601
482606
482607
482608
482618
482743
482769
482770
482771
482776
482777
482778
483171
493597
493598
493599
493600
493605
493606
493607
493608
493637
493647
493648
493649
493654
493655
493656
493657
493670
493671
493931
493932
493937
493938
493939
493940
494001
494002
494003
494040
494045
494046
494047
494048
494061
494062
494063
494064
494114
494115
494116
494117
494146
494147
494148
494299
494304
494314
494315
494316
494574
494575
494576
494577
494582
494583
494620
495462
495971
495972
495973
495974
495979
495980
495981
495991
496004
496005
496006
496007
496137
496138
496139
496140
496358
496359
496360
496361
496366
496367
496368
496369
496382
496500
496501
496671
496676
496677
496678
496679
496740
496741
496751
496752
496757
496783
496784
496785
496798
502898
502899
502909
502914
502915
502916
502917
502946
502947
502948
502949
503026
503027
503028
503029
503042
503043
503044
503045
503050
503060
503086
503087
503212
503213
503214
503215
503220
503221
503231
503232
503245
503246
503247
503248
503253
503254
503255
503292
503321
503322
503323
503324
503329
503330
503331
503357
503415
503416
503466
503467
503472
503473
503474
503475
503536
503546
503547
503548
503553
503554
503555
503556
503569
503570
503688
503689
503694
503695
503696
503697
505376
505377
505378
505388
505393
505394
505395
505396
505409
505410
505411
505412
505462
505463
505464
505465
505718
505719
505720
505721
505726
505763
505764
505765
505778
505804
505805
505855
505860
505861
505871
505872
505901
505902
505903
505904
505909
505910
505911
505921
505934
505935
505936
505937
505942
505943
505944
505945
506438
506439
509611
509612
509617
509618
509619
509620
509633
509643
509644
509645
509650
509651
509652
509653
509682
509683
509693
509694
509699
509989
509990
509991
510004
510005
510006
512642
512892
512893
512894
512895
513020
513021
513022
513023
521523
521524
521525
521526
521539
521540
521541
521542
521547
521557
521558
521559
521588
521589
521590
521591
521721
521722
521759
521760
521773
521774
521775
521776
521781
521782
521783
521793
521854
521855
521856
521857
521862
521863
521864
521865
521923
521924
521925
521926
521931
523356
523357
523358
523387
523424
523425
523426
523431
523432
523433
523434
523447
523809
523819
523820
523825
523826
523827
523828
527921
527922
527923
527933
527938
527939
527965
527966
527979
527980
527981
527982
528464
528465
528466
528467
528496
528497
528498
528499
528504
528514
528515
528516
528529
528530
528531
528653
528658
528659
529502
529528
529589
529590
529591
529592
529597
529598
529599
529636
529649
529650
529651
529652
529657
529658
529659
529660
529878
529879
529880
529881
529886
529887
529888
529889
530027
530037
530038
530039
530044
530045
530046
530047
530172
530173
530210
530211
530216
530217
530218
530219
530232
530233
530234
530244
530249
530250
530251
530301
530330
530356
530357
530358
530408
530409
530410
530411
530424
530425
530426
530427
530432
530550
530551
530552
530613
536855
536856
536857
536862
536863
536873
536874
536887
536888
540789
540790
540795
540965
540966
540976
541005
541006
541007
541008
541013
541014
541015
541016
541317
541318
541319
541320
541325
541326
541327
541328
545746
545756
545757
545783
545788
545789
545790
545791
545804
545805
545815
545816
545821
545822
545823
545824
545853
545854
545855
545892
546502
546503
546504
546505
546518
546519
546520
546521
547821
547822
547823
547824
547885
547886
547887
547888
547893
547903
547904
547905
547918
547919
547920
547921
547926
547927
548288
548289
548318
548368
548369
548370
548375
548401
548402
548412
548425
548426
548427
548428
548433
548434
548435
548436
549326
549327
549328
549329
549334
549335
549336
549337
549350
549387
549388
549389
552039
552040
552066
552067
552096
552097
552107
552108
552113
552114
552404
552405
552418
552419
552420
552430
552435
552436
552437
552438
552499
552500
552550
552551
552628
552629
552630
552781
552794
552795
552796
552797
552802
552812
552813
552814
552843
552844
552845
552846
552851
552852
552862
552863
552876
552877
552878
552879
552884
552885
552886
553004
562038
562039
562040
562041
562046
562047
562048
562049
562107
562108
562109
562110
562115
562237
562238
562239
562268
562278
562279
562329
562334
562335
562505
562506
562519
562545
562582
562583
562588
562589
562590
562591
562652
562653
562654
562664
562669
562670
562671
562672
562685
562686
562687
562688
562738
562739
562740
562741
562770
562771
562797
562798
562803
562840
562841
562842
562855
562856
562857
562858
562863
562864
562874
562875
563000
563001
563002
563003
563253
563254
563255
563265
563278
563279
563280
563306
563311
563312
563313
563314
565476
565477
565478
565479
565484
565485
565486
565487
565500
565510
565511
565512
565517
565518
565519
565520
565581
565582
569202
569203
569458
569459
569460
569461
569474
569475
569476
569513
569518
569519
569520
569521
569550
569551
569552
569553
569603
569996
569997
569998
570011
570012
570013
570014
570019
570279
570280
570281
570534
570535
570536
570537
570542
570543
571790
571791
571804
571805
571806
571807
571812
571813
571814
571824
571853
571854
571855
571856
571861
571862
571888
571889
571947
571948
571949
571950
571955
571956
571957
571958
572019
581857
581858
581859
581864
581865
581915
581916
581929
581930
581940
581941
581946
581947
581948
581974
582003
582004
582005
582015
582020
582021
582022
582023
582036
582037
582038
582039
582116
582117
582118
584485
584610
584611
584612
584613
584618
584628
584629
584630
584768
584769
584770
584771
584776
584777
584787
584788
584817
584818
584819
584820
584825
584826
584827
585354
585367
585368
585369
585370
585375
585376
585377
585378
585628
585779
585780
587990
587995
587996
587997
587998
588011
588021
588022
588023
588028
588029
588030
588031
588060
588061
588179
588180
588185
588186
588187
588477
588490
588491
588517
588527
588532
588533
588534
589987
591008
591009
591010
591011
591061
591062
591063
591064
591322
591323
591324
591325
591330
591367
591368
591369
591398
591399
591400
591426
591431
591432
591442
591443
591456
591457
591458
591459
591464
591465
591466
591476
591537
591538
591539
591540
591545
591546
591547
591548
591849
591850
591851
591852
591982
591983
591984
591985
592014
592024
592025
592026
592031
592032
592033
592034
592047
592097
592107
592108
592113
592114
592115
592116
592241
592242
592243
592361
600771
600797
600798
601760
605978
605979
605980
605981
606031
606032
606033
606034
606063
606064
606065
606066
606071
606081
606082
606083
606096
606097
606098
606099
606104
606105
609892
609893
609954
609955
609956
609957
609962
609963
609964
609974
610832
610833
610883
610884
610889
610890
610891
610892
611110
611111
611112
611113
611118
611119
611120
611146
611764
611801
611802
611803
611808
611809
611810
611811
612064
612065
612075
612076
612081
612082
612083
612084
612097
612098
612099
612109
612114
612115
612116
612117
612671
612672
612673
612674
613399
613400
613401
613402
613415
613416
613417
613467
613472
613482
613483
613484
613545
613546
613547
613548
613553
613554
613564
613565
613578
613604
613605
613606
613611
613612
613613
613650
613679
613680
613681
613682
613687
613688
613689
613690
613748
613749
613750
613751
613756
615126
615127
615128
615253
615263
615289
615290
615295
615296
615297
615298
615311
615312
615349
622570
623163
623164
623165
623166
623195
623196
623197
623207
623212
623213
623214
623215
623228
623229
623230
624006
624056
624586
624587
624588
624649
624650
624651
624652
624657
624775
624776
624777
624790
631680
631681
631682
631687
631688
631698
631699
631728
631850
631851
631852
631982
631983
631984
631994
632007
632008
632009
632010
632015
632065
632066
632067
637616
637617
637618
637619
637624
637625
637626
637627
637640
637650
637651
637652
637657
637683
637684
637685
637714
637884
637894
637895
637900
637901
637902
637903
639361
639362
639363
639400
639405
639406
639407
639408
639469
639470
639471
639472
639522
639523
639549
639550
639563
639564
639565
639566
639571
639581
639631
639632
639661
639662
643144
643145
643150
643151
643269
643270
643283
643284
643285
643286
643291
643292
643293
643553
643678
643679
643680
643681
643686
643687
643688
643689
643747
643748
643749
643750
643755
643756
643757
643758
643787
643824
643825
643826
643831
643832
643833
643834
645097
645098
645108
645109
645114
645115
645116
645166
645227
645228
645229
645239
645244
645245
645246
645247
645260
645261
645383
645384
645461
645462
645463
645464
645493
645519
645520
645521
645526
645536
645537
645538
645551
645552
645553
645554
645559
645560
645570
645571
645824
645825
645826
645827
645832
645833
645834
646195
646208
646209
646235
646236
646241
646242
646243
646244
656752
656753
656754
656755
656760
656761
656762
656763
656776
656786
656787
656788
656793
656794
656795
656796
656857
656858
656895
656921
656926
656927
656928
656929
656942
656943
656944
656954
656959
656960
656961
656962
656991
656992
656993
656994
657044
657045
657046
657047
657060
657061
657231
657232
657362
657399
657400
657401
657526
657576
657577
657578
657583
657584
657594
657595
657608
657609
657610
657611
657616
657617
657618
657628
657657
657658
657659
657660
657665
657816
657817
657818
658524
658525
658526
658527
658532
658533
658534
658535
658596
658606
658607
658729
658734
658735
658736
658737
658750
658751
658761
658762
658767
658768
658794
658795
658824
658825
658875
658912
658917
658918
658919
658920
658933
658934
658935
658936
658986
658987
658988
658989
661034
661035
661036
661037
661042
661052
661053
661079
661092
661093
661094
661095
661100
661101
661138
661139
661168
661169
661170
661171
661176
661177
661178
661188
661201
661202
661203
661204
661209
661210
661211
661212
666712
666713
666714
669508
669513
669514
669515
669516
669529
669647
669648
669649
669654
669655
669656
669657
669686
669687
669697
669698
671508
671509
671510
671511
671524
679064
679065
679075
679080
679081
679082
679083
679208
679209
679210
679211
679288
679289
679290
679291
679304
679305
679306
679307
679312
679322
679323
679324
679353
679354
679505
679506
679756
679757
679767
679768
679781
679782
679783
679784
680394
680395
680396
680433
680494
680495
680496
680666
680671
680672
680673
680674
680732
680733
680734
680760
680765
680766
680767
680768
680797
680807
680808
680809
680814
680815
680816
680817
680830
680831
681921
681922
681927
681928
681929
681930
682183
682184
682185
682195
682325
682375
682376
682377
682390
682391
682392
682393
682443
682444
682445
682446
682475
682476
682477
682478
682483
682520
682521
682522
682535
682536
682537
682538
682543
682569
682579
682580
682641
682642
682643
682644
682649
682650
682651
682661
682674
682675
682676
682677
682682
682683
682684
682685
683146
683147
683148
683149
683154
683155
684455
684456
684469
684479
684480
684481
684486
684487
684488
684489
684614
684615
684625
684626
684631
684632
684633
684634
684647
684648
684649
684767
684772
684773
684774
684925
684954
684955
684956
684957
685007
685129
685130
685131
685144
685145
685146
685147
685152
685162
685163
685164
685225
685226
685227
685228
694478
694479
694516
694566
694704
694705
694706
694707
694712
694713
695243
695253
695282
695283
695284
695285
695290
695291
695292
695293
695351
695352
695353
695354
695359
695360
695361
695362
695871
696158
696159
696160
696165
696166
696167
696168
696181
696182
696192
696193
697043
697044
697045
697046
697075
697076
700798
700808
700813
700814
700815
700816
701074
701075
701101
701102
701584
701585
701586
701587
701648
701649
701650
701651
701656
701666
701667
701668
701681
701682
701683
701684
701689
701690
701700
701701
701730
701731
701732
701758
701763
701764
701765
701802
701815
701816
701817
701818
701823
701824
701825
701826
702716
702717
702718
702719
702724
702725
702726
702727
702740
703240
703241
703242
706622
706623
706745
706746
706775
706776
706813
706814
706819
706820
706821
706822
706835
706836
707126
707136
707141
707142
707143
707144
707205
707206
707207
707208
707258
707284
707285
707286
707299
707300
707301
707302
707307
707668
707669
707670
707699
707700
707701
707702
707707
707708
707718
707719
707732
707733
708126
708127
708132
708133
708159
708169
708422
708423
708424
708425
708430
708431
708432
708433
708734
708735
708736
708737
708742
708743
708744
708745
708774
717194
717195
717196
717201
717202
717203
717229
717242
717243
717253
717254
717259
717621
717622
717623
717684
717685
717686
717723
717728
717729
717730
717731
717744
717745
717746
717796
717846
717847
717848
717849
718403
718404
718405
718406
718411
720111
720112
720113
720126
720127
720128
720129
720134
720135
720253
720254
720379
720380
720381
720382
720387
720388
720389
721609
721622
721773
721774
721775
721780
721781
721782
721783
722001
722002
722003
722004
722009
722010
722011
722012
722025
722062
722063
722064
722314
722315
722316
722317
722378
722379
722639
722640
722645
722646
722647
722648
722661
722662
722663
722673
722678
722679
722680
722681
722710
722711
722712
722713
722790
722791
722792
722793
722806
722807
722808
722834
722839
722849
722850
722851
723872
723873
723874
723875
723880
723881
723891
723892
728710
728711
728712
728713
728718
728768
728769
728887
728916
728917
728918
728919
729049
729050
729051
729052
729110
729111
729112
729113
729118
729119
729120
729121
729182
729192
729193
729194
729199
729200
729201
729202
729215
729216
729253
729254
729259
729285
729286
729287
729316
729317
729318
729328
729333
729334
729335
729336
729349
729350
729351
729352
729402
729403
729453
729454
739864
739865
739866
739867
739872
739909
740060
740061
740074
740075
740076
740077
740082
740083
740093
740094
740123
740124
740125
740126
740131
740132
740133
740143
740156
740157
740158
740159
740164
740165
740335
740361
750574
750575
750576
750577
750582
750583
750584
750585
750598
750608
750609
750610
750615
750616
750617
750667
750696
750697
750707
750708
750713
750714
750715
750716
750854
750855
750856
753783
753788
753789
753790
753791
754044
754045
754046
754047
754097
754098
754099
754100
754113
754114
754115
754116
754121
754131
754132
754133
754162
754188
754189
754190
754195
754196
754233
754234
754247
754248
754249
754250
754255
754256
754257
754267
755357
755358
755359
755360
755365
755366
755367
755368
755426
755427
755453
755454
755459
755460
755461
755462
755491
755609
755610
755611
755616
755617
755618
755619
755632
755754
755764
755765
755770
755771
755772
755773
755898
755899
755900
756285
756290
756291
756292
756293
756306
756307
756308
756309
756386
756387
756388
756389
756418
756811
756812
756813
756818
756828
756829
756830
756843
756844
756845
756846
756976
756977
756987
756988
757049
757050
757051
757052
757057
757058
757059
757096
757109
757110
757111
757112
757117
757118
757119
757120
757338
765260
765261
765262
765267
765293
765294
765295
765308
765318
765319
765320
765325
765326
765327
765857
766366
766367
770944
770945
770950
770951
771313
771483
771496
771497
771498
771508
771513
771514
771540
771541
771570
771571
771572
771573
771623
771624
771625
771626
771639
771640
771641
771642
771647
771684
771685
771686
771747
771748
771749
771750
771755
771756
771766
771792
771805
771806
771807
771808
771813
771814
771815
771825
771854
771855
773308
773358
773363
773364
773365
773366
773667
773668
773669
773670
773675
773676
773677
773678
785053
785063
785064
785065
785070
785071
785072
785073
785086
785087
785097
785098
785103
785104
785105
785106
785135
785136
785137
786227
786232
786233
786234
786235
786248
786274
786275
786276
786326
786327
786328
786329
786390
786391
786392
786393
786643
786653
786654
786655
786668
786669
786670
786671
786676
786677
786714
786715
786744
786745
786771
786772
786777
786778
786779
786789
786802
786803
786804
786805
786810
786811
786812
786813
787831
787832
787833
787834
787839
787840
787841
787842
787855
787892
787893
787919
787924
787925
787926
787927
787956
787957
787967
787968
787973
788023
788024
788025
788038
788039
788040
788050
789500
789501
789502
789503
789564
789565
789566
789567
801424
801425
801426
801427
801440
801441
801442
801564
801569
801579
801580
801581
805159
805160
805161
805162
805167
805168
805178
805179
805192
805193
805194
805195
805200
805976
805977
806014
806139
806140
806141
806142
806147
806148
806198
806199
806257
806258
806259
806260
806265
806266
806267
806268
806297
806307
806308
806309
806314
806315
806341
806342
806355
806356
806393
806394
806399
806400
806401
806402
806463
806464
806465
806475
806480
806481
806482
806483
806496
806497
806498
806499
806549
806550
806551
806577
806606
806607
806608
806609
806614
806732
806733
806783
806796
806797
806798
806799
806804
806805
806815
806816
823197
823198
823199
823200
823205
823206
823207
823217
823355
823356
823357
823358
823363
823364
823365
823366
823827
823828
823829
823830
823835
823836
825206
825207
825220
825230
825231
825232
825237
825238
825239
825240
825301
825327
825337
825338
825948
825949
825950
825951
829296
829297
829298
829335
829340
829341
829342
829343
829372
829373
829374
829375
829425
829426
829427
829428
829441
829442
829593
829594
829599
829609
829610
829611
829736
829737
829738
829739
829744
829745
830106
830107
830120
830121
830122
830123
830128
830129
830130
830140
830169
830170
830171
830197
830202
830203
830204
830205
830263
838763
838764
838765
838770
838771
838772
838773
838834
838871
838872
838873
838878
838879
838880
838881
838894
838895
838905
838906
839036
839037
839038
839400
839429
839430
839431
839441
839446
839447
839448
839449
839462
839463
839464
839465
839542
839543
839544
839545
839798
839799
839800
839801
839806
840066
840067
840068
840081
840082
840132
840133
840138
840139
840149
840150
840179
840180
840181
840182
840187
840188
840189
840307
840320
840321
840322
840323
840328
840450
840476
840477
840727
840728
840729
840730
840735
840736
840737
840738
840751
840761
840762
840763
840768
840769
840770
840771
840800
840801
840838
840839
840844
840845
840846
840997
841010
841011
841012
841512
841517
841807
841808
841809
841934
841935
841936
841937
841987
841988
841989
841990
842003
842004
842005
842006
842011
842048
842049
842050
842604
842605
842606
842607
842612
844294
844304
844305
844318
844319
845161
845162
845167
845168
845169
845179
845240
845241
845242
845243
845248
845249
845250
845251
845957
845983
845984
848794
849044
849045
849046
849047
849076
849086
849087
849088
849093
849094
849095
849096
849109
849110
849120
849121
849126
849127
849128
849129
849638
849639
854059
854096
854101
854102
854103
854104
854117
854118
854119
854120
854170
854171
854172
854173
865311
865312
865313
865314
865319
865329
865451
865452
865465
865466
865467
865493
865498
865548
865585
865586
865647
865648
865649
865650
865655
865656
865657
865667
865680
865681
865682
865683
865688
865689
865690
865691
865909
865910
865911
865912
866167
866168
866169
866170
866183
866544
866545
866546
866551
866552
866553
866554
866679
866680
866690
866691
866696
866697
866698
866699
866712
866713
866714
866724
866729
866755
866805
866806
866835
866836
866837
866838
866915
866916
866917
866918
866931
866932
866933
866934
866939
866949
866950
866951
867012
867013
867014
867015
867020
867021
867281
867282
867295
867296
867297
867298
867303
867304
867305
867342
867371
867372
867373
867374
867379
867380
867381
867382
867440
867441
867442
867443
867448
867449
867450
869093
869346
869356
869357
869358
869363
869364
869365
869366
869379
869380
869498
869499
869504
869505
869506
869628
869657
869658
869659
869669
869674
869675
869676
869677
869815
869816
869817
869818
869868
869869
869870
869871
869932
869933
869934
869935
869940
869977
869978
869979
869992
869993
869994
870164
870169
870170
870180
870181
871239
871390
871391
871392
871397
871398
871399
871409
871422
871423
871424
871425
871430
871431
871432
871433
874294
874295
874296
874297
874302
874303
874304
874305
874318
883938
883964
883965
883970
883971
883972
883973
884002
884003
884013
884014
884019
884020
884021
884022
885840
885841
885842
885960
885965
885966
886256
886257
886318
886368
886369
886395
886445
886446
886447
886448
886461
886462
886463
886464
886469
886479
886480
886481
886510
886511
886512
886513
886518
886519
886556
886557
886570
886571
886572
886573
886703
886704
886705
886715
887736
887737
887738
887739
887744
887745
887746
887747
893855
893856
893857
893858
893863
893864
893865
893866
893895
893932
893982
893983
893988
894014
894015
894016
894029
894030
894040
894041
894046
894047
894048
894049
894110
894111
894112
894122
894127
894128
894129
894130
894143
894144
894145
894146
900703
900704
901480
901481
901510
901511
901512
901513
901518
901528
901529
901530
901543
901544
901545
901546
901551
901552
901562
901563
901688
901689
901690
901740
901745
901746
901747
902034
902047
902048
902049
902050
902055
902056
902057
902058
902276
902277
902278
902279
905326
905327
905328
905329
905342
905352
905353
905354
905359
905360
905361
905362
905948
905949
905986
905987
905992
905993
905994
905995
906008
906009
906010
906020
906025
906026
906027
906028
906057
906058
906059
906060
908560
908561
908562
908563
908576
908602
908603
908604
908609
908727
908728
908729
908982
909104
909105
909106
920156
920157
920167
920168
920181
920182
920183
920184
920189
920190
920191
920201
920230
920231
920257
920258
920263
920264
920265
920266
920567
920568
920569
920570
920575
920576
920577
920578
920639
920649
920650
920651
920656
920706
920707
920708
920721
920722
920732
920883
920888
920889
920890
920891
920920
920921
920922
920959
920964
920965
920966
920967
920980
920981
920982
920983
921033
921034
921035
921036
921161
921162
921163
921164
921294
921304
921305
921306
921319
921320
921321
921322
921327
921328
921446
921447
921476
921477
921478
921479
921484
921485
921878
921888
921901
921902
921903
921904
921909
921935
921936
921937
922187
922188
922189
922190
922195
922196
922197
922198
922211
922248
922249
922250
922255
922256
922257
922258
922287
922288
922298
922299
922304
922305
922331
922332
922345
922346
922468
922478
922483
922653
922654
922944
923453
923454
923455
923456
923533
923534
923535
923585
923598
923599
923600
923601
923606
923616
923617
923643
923672
923673
928163
928164
928169
928170
928180
928181
928194
928195
928196
928197
928202
928203
928204
928565
928626
929156
929157
929158
929163
929164
929165
929166
931599
931600
931601
931602
931607
931608
931609
931610
931639
931649
931650
931651
931656
931657
931658
931659
931917
931918
931955
931956
931961
931962
931963
931964
932089
941501
941502
941512
941517
941518
941519
941520
941533
941534
941535
941536
941586
941587
941588
941589
941618
941619
941620
941621
941626
941663
941664
941665
941678
941679
941705
941706
941711
941712
941722
941723
941784
941785
941786
941787
941792
941793
941794
941804
941817
941867
941868
941869
941874
941875
941876
941877
944039
944040
944041
947213
947218
947219
947220
947221
947234
947244
947245
947246
947251
947252
947253
947254
947507
947508
947518
947519
947524
947525
947526
947527
947540
947541
947542
947579
947709
947710
947711
947712
947741
947742
947743
947744
947794
947795
947796
947797
947810
947811
947861
947862
947867
947877
947878
947879
947940
947941
947942
947943
947948
948099
949826
949827
949840
949841
949842
949843
949848
949849
949850
949860
949889
949890
949891
949892
949897
949898
949899
949900
949958
949959
949960
949961
949966
949967
949993
949994
950119
950237
950238
950239
950244
950245
950246
950247
950260
950261
950271
950321
950326
950327
950328
950329
950358
950359
950360
950370
950375
950376
950377
950403
950416
950417
950418
950419
950496
950497
950498
950499
950560
950561
950562
950563
950568
950578
950579
950580
950593
950594
950595
950596
951206
951207
951217
951218
951772
951773
951774
951775
951780
951781
951782
951819
951832
951833
951834
951835
952085
952086
952087
952088
966418
966419
966420
966421
966426
966427
966428
966429
966442
966702
966703
966704
966709
966710
966711
966712
966741
966742
967103
967104
967109
967110
967111
967112
967125
967126
967127
967137
967142
968992
968993
968994
975124
975125
975276
976118
976168
976169
976170
976171
976184
976185
976186
976187
976192
986323
986324
986325
986354
986355
986356
986357
986362
986363
986373
986374
986387
986388
986389
986415
986420
986421
986422
986432
986557
986558
986559
986560
986565
986566
986567
986568
986869
986870
986871
986872
986877
986878
986879
987049
987078
987088
987089
987090
987220
987221
987222
987223
987236
987237
987247
987248
987253
987254
987304
987305
987366
987367
987368
987486
987491
988944
988945
988946
988959
988960
988961
988962
989012
989038
989039
989040
989069
989070
989071
989072
989077
989087
989088
989089
989102
989103
989104
989105
989110
989111
989148
989149
989402
989403
989404
989405
989410
989411
989437
989447
989460
989461
989462
989463
989468
989469
989470
989520
989738
989739
989740
989741
989746
989747
989748
989749
989762
989799
989800
989801
989806
989807
989808
993709
993770
993771
993781
993782
993787
993788
993789
993790
993803
993804
994166
994176
994181
994182
994183
994184
994213
994214
994215
994216
994698
994699
994700
994701
994839
994840
994841
994842
994847
994857
994858
994859
999149
1008559
1008560
1008561
1008566
1008567
1008577
1008578
1008591
1008592
1008593
1008594
1008599
1008600
1008601
1008638
1008667
1008693
1008694
1008695
1008700
1008701
1008702
1008703
1008761
1008762
1008763
1008764
1008769
1008770
1008892
1008893
1008954
1008964
1008965
1008966
1008971
1008972
1008973
1008974
1008987
1008988
1009275
1009276
1009281
1009282
1009283
1009284
1009313
1009363
1009364
1009374
1009379
1009380
1009381
1009382
1010240
1010241
1010242
1010243
1010293
1010294
1010295
1010296
1010805
1010806
1010807
1010833
1010838
1011928
1011929
1011930
1011943
1011944
1011945
1011946
1011951
1011952
1011962
1011963
1011992
1011993
1011994
1011995
1012000
1012001
1012002
1012012
1012025
1012026
1012027
1012028
1012283
1012284
1012285
1012286
1012779
1012780
1012830
1012831
1012836
1012837
1012838
1012839
1012852
1012862
1012863
1012864
1012869
1012870
1012871
1012872
1012901
1012902
1018202
1018203
1018208
1018234
1018235
1018236
1018249
1018250
1018251
1018288
1018293
1018294
1018295
1018296
1018421
1018711
1018712
1018713
1018763
1018764
1018765
1018766
1018779
1018780
1018781
1018782
1018787
1018797
1018823
1018824
1018853
1018854
1018855
1018905
1018910
1018911
1019029
1019151
1019164
1019165
1019166
1019167
1019172
1019173
1019174
1019184
1019245
1019246
1019247
1019248
1019253
1019254
1019255
1019281
1019339
1019340
1019341
1019342
1019347
1019348
1019349
1020719
1020748
1020785
1020786
1020787
1020792
1020793
1020794
1020795
1020808
1020809
1020819
1020820
1020825
1020826
1020827
1020828
1023206
1023207
1023208
1023218
1035816
1035817
1035818
1035819
1035832
1035833
1036795
1036796
1036873
1036874
1036875
1036876
1036905
1036906
1036907
1036908
1036913
1036923
1036924
1036925
1036938
1037089
1037090
1037091
1037096
1037097
1037107
1037108
1037169
1037339
1037340
1037341
1037346
1037347
1037348
1037466
1037479
1037480
1037481
1037482
1037487
1037488
1037489
1037490
1037708
1037709
1037735
1037736
1037741
1037791
1037792
1037793
1037806
1037816
1037817
1037818
1037823
1037824
1037825
1037826
1037951
1037952
1037989
1037990
1037995
1037996
1037997
1037998
1038011
1038012
1038013
1038273
1038278
1038279
1038280
1038281
1040851
1040852
1040853
1040854
1040904
1040905
1040906
1040907
1040920
1040921
1040922
1040923
1040928
1040965
1040966
1040967
1041028
1041029
1041030
1041031
1041161
1041162
1041662
1041663
1041676
1041677
1041678
1041679
1041684
1041685
1041686
1041696
1041725
1041726
1041727
1041728
1041733
1041734
1041735
1041736
1042685
1042686
1042687
1042688
1042693
1042719
1042720
1042721
1043742
1043752
1043753
1043754
1043759
1043760
1043761
1043762
1043775
1043776
1043786
1043787
1043792
1043793
1043794
1043795
1043824
1043825
1043826
1047473
1047478
1047479
1047630
1047680
1047693
1047694
1047695
1047696
1047746
1047747
1047748
1047749
1047810
1047811
1047812
1047813
1047818
1047828
1047829
1047830
1047843
1047844
1047845
1047846
1047851
1047852
1047889
1047915
1047944
1047945
1047946
1047947
1047952
1047953
1047954
1047964
1047977
1047978
1047979
1047980
1047985
1047986
1047987
1047988
1048878
1048879
1048880
1048881
1048886
1048887
1048888
1048889
1055397
1066526
1066696
1066697
1066702
1066703
1066704
1066705
1066734
1066735
1066745
1066746
1066751
1066752
1066753
1066754
1066767
1066768
1066769
1066779
1066784
1066785
1066786
1066787
1066848
1066874
1072077
1072078
1072155
1072156
1072157
1072158
1072171
1072172
1072173
1072174
1072179
1072189
1072190
1072191
1072220
1072221
1072222
1072223
1072228
1072229
1072239
1072240
1072253
1072303
1072329
1072330
1072335
1072336
1072337
1072374
1072627
1072628
1072629
1072630
1072635
1072636
1072637
1072638
1072696
1072697
1072698
1072699
1072704
1072705
1072706
1072707
1072736
1072746
1072747
1072898
1072903
1072904
1072905
1072906
1072919
1072920
1073038
1073039
1073044
1073045
1073046
1073047
1073108
1073109
1073110
1073120
1073125
1073126
1073127
1073128
1073141
1073142
1073192
1073193
1074493
1074494
1074495
1074496
1074525
1074526
1074527
1074528
1074533
1074570
1074571
1074572
1074585
1074586
1074587
1074588
1074593
1074594
1074604
1074605
1074730
1074731
1074853
1074854
1074859
1074885
1074886
1074896
1074909
1074910
1074911
1074912
1074917
1074918
1074919
1074920
1075381
1075382
1075383
1075384
1075389
1075390
1075391
1075392
1075405
1075415
1075416
1075809
1075814
1075815
1075841
1075842
1075903
1075904
1075914
1075915
1075920
1075921
1075922
1075923
1075936
1075937
1075938
1076299
1076304
1076305
1076306
1076307
1076336
1076337
1076338
1076508
1076558
1076559
1076560
1076586
1076599
1076600
1076601
1076602
1076607
1076617
1076618
1076619
1077128
1077129
1077130
1077131
1077136
1077137
1077174
1077175
1077188
1077189
1077190
1077191
1077441
1077442
1077443
1077453
1092257
