8354567
8354568
8354569
8354574
8354584
8354585
8354586
8354599
8354600
8354601
8354602
8354607
8354608
8354726
8354727
8354756
8354757
8354758
8354759
8354764
8354765
8354766
8354776
8354789
8354815
8354816
8354817
8354822
8354823
8354824
8354825
8355075
8355125
8355126
8355127
8355132
8355133
8355134
8355135
8355148
8355185
8355186
8355187
8355192
8355193
8355194
8355195
8355224
8355225
8355485
8355607
8355612
8355782
8355783
8355784
8355797
8355798
8355799
8355809
8355814
8355815
8355816
8355817
8356070
8356071
8356072
8356073
8356150
8356151
8356152
8356514
8356527
8356528
8356529
8356555
8356560
8356570
8356571
8356572
8356601
8356602
8356652
8356653
8356658
8356659
8356669
8356670
8356683
8356684
8356685
8356686
8356691
8356692
8356693
8357783
8357844
8357845
8357846
8357847
8357977
8357978
8357979
8357980
8358038
8358039
8358040
8358041
8358046
8358047
8358048
8358049
8358078
8358088
8358089
8358090
8358095
8358096
8358097
8358098
8358111
8358112
8358149
8358150
8358155
8358306
8358307
8358308
8358433
8358434
8358435
8359278
8359283
8359284
8359285
8359286
8359299
8359300
8359301
8359302
8359352
8359353
8359354
8359355
8359384
8359385
8359386
8359387
8359392
8359429
8359455
8359456
8359469
8359470
8359471
8359472
8359477
8359478
8359488
8359489
8359550
8359551
8359552
8359553
8359558
8359559
8359560
8359570
8359583
8359584
8359585
8359875
8360485
8360486
8360487
8360513
8362675
8362676
8362677
8362678
8362928
8362929
8362930
8362931
8362944
8362954
8362955
8362956
8362961
8362962
8362963
8362964
8363473
8363474
8363484
8363485
8363490
8363491
8363492
8363493
8363631
8363632
8363633
8363670
8366320
8366321
8366322
8366323
8366352
8366353
8366354
8366355
8366405
8366406
8366407
8366408
8366421
8366422
8366423
8366424
8366429
8366439
8366609
8366610
8366671
8366697
8366698
8366699
8366704
8366754
8366791
8366792
8366805
8366806
8366807
8366808
8366813
8366814
8366815
8366825
8366854
8366855
8366856
8366857
8366862
8366863
8366864
8366865
8366923
8366924
8367075
8367076
8367081
8367082
8367083
8367084
8367209
8367327
8367328
8367329
8367334
8367335
8367336
8367337
8367350
8367351
8367361
8367362
8367367
8367368
8367369
8367370
8367399
8367400
8367401
8367661
8367666
8367667
8367717
8367718
8367731
8367732
8367733
8367734
8367811
8367812
8367813
8367814
8367875
8367876
8367877
8367878
8367883
8369103
8369104
8369105
8369118
8369119
8369120
8369121
8369251
8369252
8369262
8369263
8369292
8369293
8369294
8369295
8369300
8369301
8369302
8369339
8369352
8369353
8369354
8369355
8369360
8369361
8369362
8369363
8370381
8370382
8370383
8370384
8370389
8370415
8370416
8370466
8395684
8395694
8395695
8395696
8395701
8395702
8395703
8395704
8395733
8395734
8396095
8396096
8396101
8396102
8396103
8396104
8404522
8404523
8404524
8404534
8404539
8404540
8404566
8404567
8404628
8404629
8404630
8404631
8404681
8404682
8404683
8404684
8404697
8404698
8405660
8405661
8405666
8405703
8405704
8405705
8423395
8423396
8423397
8423398
8423403
8423404
8423414
8423565
8423823
8423824
8423825
8423826
8423831
8423832
8423833
8423843
8423968
8423969
8423970
8423971
8423976
8423977
8423978
8424148
8424449
8424450
8424451
8424452
8424457
8424458
8424459
8424460
8425014
8469914
8469915
8469916
8469921
8469922
8469923
8469924
8469937
8469938
8469948
8469949
8469954
8469955
8470077
8470078
8470139
8470140
8470141
8470259
8470264
8470265
8470266
8470267
8470280
8471580
8471581
8471582
8471632
8471633
8471634
8471635
8479245
8479246
8479247
8479248
8479253
8479263
8479264
8479265
8479278
8479279
8479280
8479281
8479286
8479287
8479324
8479325
8480346
8480347
8480373
8480374
8480379
8480380
8480381
8480391
8480404
8480405
8480406
8480407
8481857
8481858
8481859
8481860
8482078
8482079
8482080
8482081
8482086
8482087
8482088
8482089
8482102
8482139
8482532
8482558
8482563
8482564
8482565
8482566
8482627
8482628
8482638
8482639
8482644
8482645
8482646
8482647
8482660
8482661
8482662
8482672
8482677
8482678
8482679
8482680
8482709
8482710
8482711
8482712
8498069
8498070
8498071
8498072
8498085
8498086
8498087
8498088
8498093
8498103
8498104
8498105
8498230
8498231
8498232
8498233
8498238
8498239
8498249
8498250
8498263
8498264
8498265
8498315
8498320
8498346
8498347
8498384
8498413
8498414
8498415
8498416
8498421
8498422
8498423
8498545
8498603
8498604
8498605
8498606
8498611
8498612
8498613
8498614
8498675
8498685
8498686
8498687
8498692
8498693
8498719
8498720
8498733
8498734
8498771
8498772
8498777
8498778
8498779
8498780
8502358
8502359
8502360
8502370
8502375
8502376
8502377
8502378
8502391
8502392
8502393
8502394
8504894
8504895
8504896
8504922
8505175
8505176
8505177
8505178
8505183
8505544
8505545
8505546
8505559
8505560
8505561
8505562
8505567
8505568
8505578
8505579
8505608
8505609
8505610
8505611
8505616
8505617
8505618
8505628
8505766
8505767
8505768
8505769
8505774
8505775
8505776
8505777
8506270
8506271
8506272
8506273
8506278
8506279
8506280
8506281
8506294
8506304
8506305
8506306
8506311
8506361
8506362
8506363
8506392
8510293
8510303
8510304
8510309
8510310
8510311
8510312
8510325
8510326
8510327
8510364
8510369
8510370
8510371
8510372
8510497
8510498
8510499
8510500
8510550
8510551
8510552
8510553
8510566
8510567
8510593
8510594
8510599
8510609
8510610
8510611
8513181
8513182
8513183
8513184
8513189
8513190
8513308
8513309
8513322
8513323
8513324
8513325
8513330
8513331
8513381
8513391
8513452
8513453
8513454
8513480
8513485
8513486
8515336
8515337
8515395
8515396
8515397
8515398
8515403
8515404
8515405
8515406
8515435
8515472
8515473
8515474
8515479
8515480
8515481
8515482
8515495
8515496
8515506
8515507
8515637
8515638
8515639
8515640
8516149
8516150
8516151
8516161
8516166
8516167
8516168
8516169
8516182
8516183
8516184
8516185
8516262
8516263
8516264
8516314
8516343
8516344
8516345
8516346
8516351
8516611
8516612
8516613
8516626
8516796
8516797
8516798
8516803
8517333
8517343
8517344
8517405
8517406
8517407
8517408
8517413
8517414
8517415
8517533
8517546
8517547
8517548
8517549
8517554
8517844
8517995
8517996
8518214
8518215
8518216
8518217
8518222
8518223
8518224
8518225
8518238
8518248
8518249
8518250
8518255
8518256
8518257
8518258
8522548
8522549
8522586
8522587
8522592
8522593
8522594
8522620
8522633
8522755
8522756
8522766
8522771
8522772
8522773
8522774
8522803
8522804
8522805
8522806
8522856
8522857
8522858
8522859
8522872
8523234
8523235
8523236
8523241
8523278
8523279
8523280
8523866
8523867
8523868
8523869
8574879
8574880
8574890
8574891
8574904
8574905
8574906
8574907
8574912
8574913
8574914
8574924
8574953
8577747
8577748
8577749
8577754
8577755
8577756
8577757
8588183
8588209
8588210
8588211
8588216
8588217
8588218
8588219
8588472
8588482
8588483
8588484
8588489
8588490
8588491
8588492
8588505
8588506
8588516
8588517
8588522
8588523
8588524
8588525
8588554
8588555
8588581
8588618
8588623
8588624
8588625
8588626
8588639
8588640
8588641
8588642
8588692
8588693
8588694
8588695
8588756
8588757
8588807
8588808
8588813
8588823
8588824
8588825
8588838
8588839
8588840
8588991
8588996
8588997
8589034
8589035
8589064
8589065
8589066
8589067
8589072
8589073
8589074
8589084
8589097
8589098
8589099
8589100
8589105
8589106
8589107
8589108
8589998
8589999
8610739
8610740
8610870
8610871
8610872
8610873
8610886
8611004
8611005
8611006
8611011
8611012
8611013
8611014
8611043
8611044
8611054
8611104
8611109
8611110
8611111
8611112
8611125
8611126
8611127
8611137
8611142
8611168
8611169
8611170
8611231
8611232
8611233
8614955
8615032
8615033
8615034
8615035
8615048
8615049
8615050
8615051
8615056
8615066
8615067
8615068
8615097
8615098
8615099
8615100
8615105
8615106
8615366
8615367
8615380
8615381
8615382
8615383
8615388
8615389
8615390
8615427
8631808
8631809
8631810
8631811
8632061
8632062
8632063
8632064
8632122
8632123
8632124
8632125
8632130
8632131
8632132
8632158
8632187
8632197
8632198
8632199
8632204
8632205
8632206
8632207
8632220
8632221
8632339
8632340
8632345
8632346
8632347
8632348
8632409
8632410
8632411
8632421
8632426
8632427
8632428
8632429
8633692
8633693
8633694
8633695
8633745
8633746
8633747
8633748
8633777
8633778
8633779
8633780
8633785
8634312
8634313
8634314
8634327
8634328
8634329
8634451
8634456
8634457
8634467
8634468
8634593
8634619
8634620
8634621
8634626
8634627
8634628
8634638
8634651
8634652
8634653
8634654
8634659
8634660
8634950
8634951
8635412
8635413
8635414
8635415
8635420
8635421
8635422
8635423
8635436
8635446
8635472
8635473
8635478
8635479
8635480
8635481
8635542
8635543
8635553
8635554
8635559
8635560
8635610
8635611
8635624
8635625
8635626
8651366
8651371
8651372
8652742
8652743
8652772
8652773
8652774
8652800
8652850
8652851
8652852
8652853
8652866
8652867
8652868
8652869
8652874
8652884
8652885
8652886
8653139
8653140
8653141
8653142
8653147
8653148
8653185
8653186
8653199
8653200
8653201
8653202
8653332
8653333
8653334
8653344
8653373
8653374
8653375
8653376
8653381
8653382
8653383
8653433
8653491
8653492
8653493
8653494
8653499
8653500
8653501
8653502
8653563
8653600
8653601
8653602
8653607
8653758
8653759
8653760
8653773
8653774
8653784
8653785
8653790
8653791
8653792
8653793
8653822
8653823
8653824
8653834
8654444
8654445
8654446
8654447
8654460
8654461
8654462
8654463
8654945
8654946
8654972
8654973
8655098
8655099
8662320
8662321
8662326
8662336
8662337
8662338
8665683
8665684
8665685
8665686
8665691
8665692
8665702
8665703
8665732
8665733
8665734
8665735
8665740
8665741
8665742
8666029
8666042
8666043
8666044
8666045
8666050
8666051
8666052
8666053
8666303
8666304
8666305
8666306
8666311
8666312
8666313
8666314
8666327
8666337
8666338
8666339
8666344
8666345
8666346
8666347
8666901
8666902
8666939
8666940
8666945
8666946
8666947
8666948
8666961
8709061
8709062
8709072
8709077
8709078
8709079
8709080
8709589
8709590
8709591
8709592
8709642
8709643
8709644
8709645
8709658
8709684
8709685
8709686
8709691
8709809
8709810
8709811
8709840
8709841
8709842
8709843
8710693
8710694
8710704
8710705
8710718
8710719
8710720
8710721
8710726
8710727
8710728
8710738
8710799
8710800
8711576
8711577
8711582
8711583
8711584
8711585
8711886
8711887
8711937
8711938
8711943
8713396
8713926
8713927
8713956
8713966
8713967
8713968
8713973
8713974
8713975
8713976
8713989
8713990
8714000
8714026
8714031
8714032
8714033
8714034
8714159
8714160
8714161
8714198
8714203
8714204
8714205
8714206
8714219
8714220
8714221
8714222
8714272
8714273
8714274
8714275
8714304
8714305
8714306
8714307
8714437
8714447
8714448
8714449
8714462
8714463
8714464
8714514
8714519
8714520
8714881
8714882
8714943
8714944
8714945
8714946
8714951
8714952
8714953
8714963
8714976
8714977
8714978
8715940
8715945
8715971
8715972
8716262
8716480
8716481
8716482
8716483
8716488
8716489
8723379
8723380
8723393
8723430
8723431
8723432
8723437
8723438
8723439
8723440
8723693
8723694
8723704
8723705
8723710
8723711
8723737
8723738
8723751
8723752
8723753
8723763
8724013
8724014
8724015
8724016
8724045
8724046
8724047
8724048
8724125
8724126
8724127
8724128
8724141
8724142
8724143
8724144
8724149
8724159
8724160
8724311
8724372
8724373
8724374
8724375
8724380
8724381
8725601
8725602
8725615
8725616
8725617
8725618
8725623
8725624
8725625
8725743
8725772
8725773
8725774
8725775
8725780
8725781
8725782
8725783
8727091
8727092
8727093
8727094
8727099
8735599
8735600
8735601
8735726
8735736
8735737
8735738
8735743
8735744
8735745
8735746
8735759
8735760
8735797
8735798
8735803
8735804
8735805
8735806
8735835
8735861
8735862
8735872
8735877
8735878
8735879
8735880
8735893
8735894
8735895
8735896
8735946
8735947
8735948
8735949
8736010
8736011
8736012
8736013
8736018
8736055
8736056
8736057
8736070
8736071
8736097
8736098
8736103
8736104
8736604
8736605
8736634
8736635
8736636
8736637
8736642
8736643
8736644
8736654
8736667
8736668
8736669
8736670
8736675
8736676
8736677
8736678
8784184
8784185
8784186
8784212
8784217
8784218
8784219
8784220
8784233
8784243
8784244
8784245
8784250
8784251
8784252
8784253
8784282
8784283
8784293
8784294
8784299
8784300
8784301
8784302
8784315
8784316
8784317
8784354
8784609
8784610
8784611
8791054
8791115
8791116
8791117
8791118
8791168
8791169
8791170
8791171
8791184
8791185
8791186
8791548
8791553
8791563
8791564
8791565
8791594
8791595
8791596
8791597
8791602
8791628
8791665
8791666
8791679
8791680
8791681
8791682
8791687
8791688
8791689
8791699
8791824
8791825
8791826
8791827
8791832
8791833
8791834
8791835
8791893
8791894
8791895
8791896
8791901
8791902
8791928
8791929
8792987
8796264
8796265
8796266
8796271
8796272
8796273
8796274
8796287
8796288
8796298
8796299
8796304
8796305
8796306
8796307
8796368
8796369
8796370
8796380
8796385
8796386
8796556
8796582
8796595
8796596
8796597
8796598
8796675
8796676
8796677
8796678
8796707
8796708
8796709
8796710
8796715
8796725
8796726
8796727
8796740
8796741
8796742
8796743
8796748
8796749
8796759
8796760
8799138
8799188
8799189
8799190
8799195
8799196
8799197
8799234
8799247
8799248
8799249
8799250
8799255
8799256
8799257
8799258
8860166
8860167
8860168
8860169
8860174
8860175
8860176
8860177
8860795
8861180
8861181
8861182
8861187
8861188
8861189
8861190
8861251
8861252
8861370
8861371
8861376
8861377
8861378
8861379
8861392
8861393
8861394
8861404
8861409
8861410
8861411
8861412
8861441
8861442
8862742
8862743
8862793
8862794
8862795
8862796
8862809
8862810
8862811
8862812
8862817
8862854
8862855
8862856
8862981
8862982
8862983
8862984
8862989
8862990
8863000
8863001
8863014
8863015
8863016
8863042
8863047
8863048
8863049
8863059
8863088
8863089
8863090
8863091
8863096
8863097
8863098
8863099
8863400
8863401
8863402
8863403
8863408
8863409
8863410
8863411
8863472
8863482
8863483
8863533
8863663
8863664
8863665
8863666
8863679
8863680
8863690
8863691
8863696
8863697
8863698
8863699
8863728
8863729
8863730
8863848
8863853
8863854
8863855
8863856
8863869
8863870
8863871
8863872
8863922
8863948
8863949
8863950
8864459
8864460
8864461
8864462
8864467
8864477
8864478
8864479
8864492
8864493
8864494
8864495
8864500
8864501
8864538
8866905
8866934
8867056
8867057
8867058
8867308
8867309
8867460
8867470
8867483
8867484
8867485
8867486
8867491
8867492
8867493
8867494
8867744
8867745
8867746
8867747
8867752
8867753
8867754
8867755
8867768
8867805
8867806
8867807
8885217
8885218
8885219
8885245
8885274
8885275
8885285
8885286
8885291
8885292
8885293
8885294
8885307
8885308
8885309
8885319
8885324
8885325
8885326
8885856
8885981
8885982
8885983
8885984
8886709
8886759
8886760
8886761
8886899
8886900
8886901
8886902
8886907
8886917
8886918
8886919
8886948
8886949
8886950
8886951
8886956
8886957
8886967
8886968
8886981
8886982
8886983
8886984
8886989
8886990
8886991
8887028
8887089
8887115
8887116
8887117
8887122
8887123
8887124
8887125
8887183
8887184
8887185
8887186
8887191
8887192
8887193
8887194
8887223
8887233
8887234
8887235
8887240
8887241
8887634
8887635
8887648
8887649
8887936
8887937
8887942
8887943
8887944
8887945
8888198
8888199
8888200
8888210
8888215
8888216
8888217
8888218
8888231
8888232
8888354
8888355
8888405
8888406
8888407
8888408
8888437
8888438
8888439
8889215
8891025
8891143
8891144
8891145
8891158
8891159
8891160
8891161
8891166
8891167
8891177
8891178
8891239
8891240
8891241
8891242
8891247
8891248
8891249
8891749
8891762
8891763
8891764
8891765
8891895
8891896
8891897
8891898
8892359
8892649
8892650
8892651
8892656
8892657
8892658
8892659
8893517
8893527
8893528
8893529
8893534
8893535
8893536
8893537
8893662
8893663
8893673
8893674
8893679
8893705
8893706
8893707
8893720
8893721
8893722
8893759
8893764
8893765
8893766
8893767
8893796
8893797
8893798
8893799
8893849
8893850
8893851
8893852
8894110
8894111
8894112
8894113
8894118
8894128
8894154
8894155
8894216
8894217
8894218
8894219
8894224
8894225
8894343
8894344
8894357
8894358
8894359
8894360
8894365
8894366
8894367
8894377
8894406
8894407
8894408
8896618
8896623
8896624
8896625
8896651
8896709
8896710
8896711
8896712
8896717
8896718
8896719
8896720
8898765
8898802
8898803
8898925
8898930
8898931
8898932
8898933
8898946
8898996
8899006
8899007
8899012
8899013
8899014
8899015
8900694
8900695
8900696
8900706
8900711
8900712
8900713
8900714
8900727
8900728
8900729
8900730
8900807
8900808
8900809
8900810
8900871
8900872
8900873
8900874
8900879
8900889
8900890
8900891
8900904
8944636
8944637
8944638
8944643
8944644
8944654
8944655
8944684
8944685
8944686
8944687
8944692
8944693
8944694
8945055
8945068
8945069
8945119
8945120
8945125
8945126
8945127
8945128
8946018
8946019
8967911
8967912
8967917
8967918
8967919
8967920
8967933
8967943
8967944
8967945
8967950
8967951
8967952
8967953
8967982
8967983
8968020
8968021
8968026
8968027
8968028
8968029
8968042
8968043
8968044
8968304
8968309
8968310
8968311
8968312
8968373
8968543
8968544
8968545
8968595
8968596
8968597
8968598
8968611
8968612
8968613
8968663
8968668
8968705
8968706
8968707
8968736
8968737
8968738
8968739
8968869
8968870
8968880
8968881
8968894
8968895
8968896
8968897
8969507
8969508
8969509
8969519
8969772
8969773
8969774
8969775
8969780
8969781
8969782
8969783
8970489
8970490
8970491
8970492
8970497
8970648
8970649
8970650
8970679
8970689
8970690
8970691
8970696
8970697
8970698
8973508
8973521
8973522
8973532
8973533
8973783
8973784
8973785
8973786
8973847
8973848
8973849
8973886
8973891
8973892
8973918
8973919
8973932
8973933
8973934
8973935
8973985
8973986
8973987
8973988
8974017
8974018
8974019
8974020
8974025
8974035
8974036
8974037
8974050
8974051
8974052
8974053
8974058
8974059
8974096
8974122
8974247
8974248
8974249
8974250
8974255
8974256
8974257
8974267
8974280
8974281
8974282
8974283
8974288
8974681
8974682
8974683
8974901
8974902
8975192
8975193
8975198
8975199
8975200
8975201
8975339
8975457
8975458
8975459
8975464
8975465
8975466
8975467
8975528
8975529
8975539
8975540
8975545
8975546
8975547
8975548
8975561
8975562
8975563
8975573
8975578
8975579
8975580
8975581
8975610
8975636
8975637
8975638
8975715
8975837
8975838
8975839
8975852
8975853
8975854
8975855
8975860
8979480
8979530
8979531
8980040
8980041
8980042
8980043
8980048
8980049
8980059
8980060
8980073
8980074
8984619
8984620
8984625
8984626
8984627
8984664
8984693
8984694
8984695
8984696
8984701
8984702
8984703
8984704
8984762
8984763
8984764
8984765
8984770
8984771
8984772
8984773
8984834
8984844
8984845
8984871
8984876
8984877
8984878
8984879
8984892
8984893
8985983
8985984
8990794
8990795
8990796
8990846
8990875
8990876
8990877
8990887
8990892
8990893
8990894
8990895
8990908
8990909
8990910
8990911
8992211
8992212
8992213
8992214
8992339
8992340
8992341
8992342
8992347
8992384
8992385
8992386
8992399
8992400
8992401
8992402
8992407
8992408
8992418
8992419
9003557
9003558
9003559
9003560
9003565
9003591
9003592
9003602
9003615
9003616
9003617
9003618
9003623
9003624
9003625
9003626
9014409
9014410
9014411
9014412
9014417
9014418
9014419
9014420
9014433
9014443
9014444
9014445
9014450
9014451
9017623
9017624
9017653
9017654
9017664
9017665
9017670
9017671
9017672
9017673
9017686
9017687
9017688
9017806
9017811
9017812
9017813
9017814
9018067
9018068
9018069
9018070
9018120
9018121
9018122
9018273
9018286
9018287
9018288
9018289
9018294
9018304
9018305
9018306
9018335
9018385
9018386
9018387
9018392
9018393
9018430
9018431
9018444
9018445
9018446
9018447
9018452
9018453
9018454
9018464
9019050
9019051
9019052
9019053
9019058
9019059
9019060
9019061
9019119
9019120
9019121
9019122
9019127
9019128
9019129
9019130
9019159
9019196
9019197
9019367
9019372
9019373
9019374
9019375
9019388
9019414
9019424
9019425
9019430
9019431
9019432
9019433
9019558
9019559
9019609
9019619
9072669
9072670
9072671
9074041
9074054
9074055
9074056
9074057
9074539
9074540
9074541
9074542
9074571
9074572
9074598
9074599
9074604
9074614
9074615
9074616
9074629
9074630
9074631
9074632
9074637
9074638
9074648
9074649
9074710
9074711
9074712
9074713
9074718
9074719
9074720
9075967
9075980
9075981
9075982
9076008
9076013
9076014
9076015
9076016
9076234
9076235
9076236
9090736
9090741
9090742
9090743
9090744
9090757
9090767
9090768
9090769
9090774
9090775
9090776
9090777
9091798
9091799
9091836
9091837
9095217
9095218
9095219
9095220
9095233
9095234
9095235
9095245
9095250
9095251
9095252
9095253
9095282
9095283
9095284
9095285
9095335
9095336
9095337
9095338
9095351
9095352
9095353
9095354
9095359
9097995
9097996
9099846
9099907
9099908
9099909
9099910
9100503
9100504
9100514
9100515
9100528
9100529
9100530
9100531
9100536
9100537
9100538
9100548
9100577
9100578
9100579
9100580
9100585
9100586
9100612
9100613
9100914
9100915
9100916
9100917
9100922
9100923
9100924
9100925
9101050
9101060
9101061
9101062
9101067
9101068
9101069
9101070
9101083
9101084
9101094
9101095
9101100
9101101
9101102
9101128
9101157
9101158
9101159
9101196
9101201
9101251
9101252
9101253
9101266
9101267
9101268
9101269
9109769
9109770
9109771
9109772
9124353
9124354
9124355
9124356
9124361
9124371
9124733
9124734
9124872
9124873
9124874
9124875
9124880
9124881
9124999
9125000
9125029
9125030
9125031
9125032
9125037
9125038
9125039
9125049
9125062
9125063
9125064
9125065
9125070
9125071
9125072
9125073
9126091
9126242
9126243
9126244
9126249
9126250
9126300
9126301
9152959
9152996
9152997
9152998
9153003
9153004
9153005
9153006
9153035
9153036
9153046
9153047
9153052
9153053
9153054
9153055
9153068
9153069
9153095
9153105
9153110
9153111
9153112
9153113
9153174
9153175
9153176
9153177
9153254
9153255
9153256
9153257
9153270
9153271
9153272
9153273
9153278
9153288
9153289
9153290
9153319
9153320
9153321
9153347
9153352
9153353
9153363
9153413
9153426
9153427
9153428
9153429
9153434
9153435
9153436
9153554
9153679
9153680
9153681
9153682
9153687
9153688
9153689
9153690
9153748
9153749
9153750
9153751
9153881
9153882
9153883
9153884
9153913
9153923
9153924
9153925
9153930
9153931
9153932
9153933
9153946
9154068
9154105
9154106
9154111
9154112
9154113
9154114
9154175
9154176
9154177
9154187
9154192
9154218
9154219
9154220
9154478
9154479
9154480
9154481
9154531
9154532
9154533
9154534
9154563
9154564
9154565
9154566
9154571
9154608
9154609
9154610
9154623
9154624
9154625
9154626
9154631
9154632
9155017
9155018
9155527
9155528
9155529
9155530
9155535
9155705
9155706
9155716
9155729
9155730
9155731
9155732
9155737
9155738
9155739
9155740
9158145
9158146
9158147
9158148
9159598
9159599
9159600
9159626
9159639
9160139
9160140
9160141
9160146
9160147
9160148
9160149
9160210
9160211
9160221
9160222
9160227
9160228
9160229
9160230
9160243
9160244
9160245
9160282
9160287
9160288
9160289
9160290
9160844
9160845
9160846
9160847
9160897
9160898
9160899
9160900
9160913
9160914
9160915
9160916
9160921
9160931
9160932
9160933
9161058
9161059
9161060
9161061
9161066
9161067
9161104
9161105
9161118
9161144
9161194
9161195
9161200
9161201
9161202
9161212
9161241
9161242
9161364
9161365
9161370
9161371
9161372
9161373
9161431
9161432
9161433
9161434
9161439
9161440
9161441
9161442
9161503
9209760
9209786
9209787
9209792
9209793
9209794
9209795
9209808
9209809
9209819
9209820
9209825
9209826
9209827
9209828
9209857
9209858
9209859
9209869
9209874
9209875
9209876
9209877
9209890
9209891
9209892
9254535
9254612
9254613
9254614
9254615
9254868
9254869
9254870
9254871
9254876
9254886
9254887
9254888
9254901
9254902
9254903
9255745
9255750
9255751
9255761
9255762
9255791
9255792
9255793
9255794
9255924
9255925
9255926
9255963
9255976
9255977
9255978
9255979
9255984
9255985
9255986
9255987
9256237
9256238
9256239
9256240
9256245
9256246
9256247
9256248
9256261
9256271
9256272
9256273
9256523
9256549
9256719
9256720
9256749
9256750
9256868
9256869
9256874
9256875
9256876
9256877
9256890
9256891
9256892
9256902
9256907
9256908
9256909
9256910
9257035
9257036
9257037
9257038
9257088
9257089
9257115
9257116
9257129
9257130
9257131
9257253
9257258
9257295
9257296
9257658
9257687
9257688
9257689
9257690
9257695
9257696
9257706
9257707
9257720
9257721
9257722
9257723
9257728
9257778
9257779
9258039
9258100
9258101
9258102
9258103
9258108
9258109
9258110
9258111
9258412
9258413
9258414
9258415
9258420
9258421
9258422
9258423
9258452
9258462
9258463
9258464
9258469
9258470
9258471
9258472
9259735
9259736
9259746
9259747
9259752
9259753
9259754
9259755
9263848
9263849
9263850
9264940
9264945
9264946
9264947
9264948
9264961
9264962
9264963
9264964
9265014
9265015
9265065
9265066
9265095
9265121
9265122
9265123
9265128
9265138
9265139
9265140
9265153
9265154
9265155
9265156
9265161
9265162
9265199
9265200
9265261
9265262
9265263
9265264
9265269
9265270
9265271
9265281
9265294
9265295
9265321
9265322
9265327
9265328
9265329
9265330
9265548
9265549
9265550
9265551
9265556
9265846
9265847
9265848
9265861
9265898
9265899
9265900
9265905
9265906
9265907
9265957
9266082
9266083
9266093
9266119
9266729
9266730
9266731
9266732
9266745
9266746
9266747
9266757
9266762
9266763
9266764
9266765
9266794
9266795
9266796
9266797
9267279
9267280
9267281
9267451
9267464
9267465
9267466
9267467
9267597
9267607
9267608
9267609
9267670
9267671
9267672
9267673
9267678
9267679
9267689
9267690
9267703
9267704
9267705
9267706
9267711
9267712
9267713
9267750
9268808
9268809
9268810
9268811
9268816
9269592
9269593
9269594
9269652
9269653
9269654
9269655
9269660
9269661
9269662
9269663
9269916
9269926
9269927
9269928
9269933
9269934
9269935
9269936
9269949
9269950
9269987
9269988
9269993
9269994
9270020
9270021
9270050
9270051
9270052
9270062
9270067
9270068
9270069
9270070
9270083
9270084
9270085
9270086
9270136
9270137
9270138
9270139
9270200
9270250
9270251
9270252
9270257
9270375
9270376
9270402
9270415
9270416
9270417
9270418
9270423
9270424
9270434
9270435
9270464
9270465
9270466
9270467
9270472
9270473
9270474
9270484
9270497
9270498
9270499
9270500
9270505
9270627
9270628
9270629
9294740
9294741
9294742
9294743
9294748
9294749
9294750
9294751
9294764
9294774
9294775
9294776
9294781
9294782
9294783
9294784
9294813
9294814
9319667
9319668
9319673
9319674
9319675
9319676
9319689
9319715
9319716
9319753
9319758
9319759
9319760
9319761
9319822
9319823
9319824
9319825
9319875
9319876
9319877
9319878
9319891
9319892
9319893
9319894
9319899
9329519
9329520
9329521
9329550
9329551
9329702
9329703
9329708
9329709
9330070
9330071
9330084
9330085
9330086
9330087
9330092
9330093
9330094
9330104
9388242
9388243
9388244
9388294
9388299
9388300
9388301
9388302
9388360
9388361
9388362
9388388
9388393
9388394
9388395
9388396
9388425
9388462
9388463
9388464
9388469
9388470
9388471
9388472
9388485
9388486
9388496
9388497
9388502
9388503
9388504
9388505
9388566
9388567
9388568
9388578
9388708
9388709
9388710
9388711
9388724
9388725
9388726
9388727
9388804
9388805
9388806
9388807
9388836
9388837
9388838
9388839
9389089
9389099
9389221
9389222
9391040
9391041
9391042
9391043
9391048
9391074
9391084
9391085
9391210
9391211
9391212
9391213
9391218
9391219
9391220
9391338
9391351
9391352
9391353
9391354
9391359
9391360
9391361
9391362
9391580
9391581
9391582
9391583
9391588
9391589
9399129
9399130
9399143
9399153
9399154
9399155
9399160
9399161
9399162
9399163
9399224
9399225
9399262
9399263
9399268
9399318
9399319
9399320
9399333
9399334
9399335
9399345
9399350
9399351
9399352
9399503
9399532
9399533
9400063
9400064
9400114
9400115
9400116
9400117
9400130
9400131
9400132
9400133
9400138
9400175
9400176
9400177
9400430
9400431
9400432
9400433
9400438
9400439
9400449
9400450
9400588
9400589
9400590
9400591
9400596
9400597
9400598
9400608
9400637
9400638
9400639
9400640
9400645
9400646
9400696
9400697
9401403
9401404
9401405
9401406
9401411
9401412
9401413
9401414
9401475
9401735
9401736
9401737
9401742
9401743
9401744
9401745
9401758
9401928
9401938
9401939
9401944
9401945
9401946
9402068
9402097
9402098
9402099
9402136
9402141
9402142
9402143
9402144
9402157
9402158
9402184
9402185
9402235
9402236
9402237
9402238
9402363
9402364
9402365
9402366
9402371
9402381
9402382
9402432
9402445
9402446
9402447
9402448
9402453
9402454
9402491
9402492
9402521
9402522
9402523
9402549
9402554
9402555
9402556
9402566
9402579
9402580
9402581
9402582
9402587
9402588
9402589
9402590
9402840
9402841
9402842
9402843
9402848
9402849
9402850
9402851
9402864
9403225
9403226
9403227
9403482
9403483
9403484
9403485
9403514
9403515
9403525
9403526
9403531
9403532
9403533
9403534
9403792
9403793
9403794
9403804
9403809
9403810
9403811
9403812
9404833
9404834
9404835
9404836
9404913
9404939
9404940
9404941
9404954
9404955
9404956
9404957
9404962
9404972
9404973
9404974
9405003
9405004
9405005
9405006
9405011
9405012
9405022
9405023
9405036
9405037
9405038
9405039
9405044
9405045
9405071
9405108
9405169
9405170
9405171
9405172
9405177
9405178
9405179
9405180
9411288
9411681
9411682
9411683
9411688
9411689
9411690
9411691
9411720
9411730
9411731
9411732
9411737
9411738
9411739
9411765
9411778
9411779
9411897
9411898
9411903
9411904
9411905
9411906
9412031
9412032
9412033
9412043
9412048
9412049
9412050
9412051
9412064
9412065
9412066
9412067
9412117
9412118
9412119
9412120
9412674
9412675
9412845
9412846
9412851
9412888
9412889
9412890
9412903
9412904
9412954
9412955
9412960
9412961
9412971
9412972
9413033
9413034
9413035
9413036
9413041
9413042
9413043
9413053
9413066
9413217
9413218
9413219
9413224
9413225
9413226
9413227
9413688
9413689
9413690
9413691
9413696
9413697
9413698
9413988
9414001
9414011
9414012
9414013
9414018
9414019
9414020
9414021
9414274
9414275
9414535
9414536
9414541
9414542
9414543
9414544
9414557
9414558
9414559
9419136
9419141
9419142
9419143
9419144
9419173
9419174
9419175
9419176
9419226
9419227
9419228
9419229
9419242
9419243
9419244
9419270
9419275
9419285
9419286
9419287
9419348
9463512
9463513
9463514
9463519
9463520
9463557
9469799
9469812
9469813
9469814
9469815
9469820
9469821
9469822
9469832
9469861
9469862
9469863
9469864
9469994
9469995
9469996
9469997
9470055
9470056
9471738
9471739
9471989
9471990
9471991
9471992
9472117
9472154
9472155
9472156
9472161
9472162
9472163
9472164
9472177
9472178
9472188
9472189
9472194
9472220
9472221
9472222
9472251
9472252
9472253
9472263
9476473
9476474
9476475
9476476
9476489
9476490
9476491
9476492
9483049
9483050
9483051
9483052
9483113
9483114
9483115
9483116
9483121
9483131
9487032
9487033
9487046
9487047
9487048
9487049
9487054
9487104
9487114
9487115
9487144
9487145
9487146
9487147
9487152
9487153
9487154
9487191
9487204
9487205
9487206
9487376
9487381
9487382
9487383
9487409
9490987
9490988
9490989
9490990
9490995
9490996
9490997
9490998
9491011
9491021
9491022
9491023
9491028
9491029
9491030
9491031
9491060
9491061
9491098
9491099
9491104
9491105
9491106
9491107
9491245
9491246
9491368
9491378
9491383
9491384
9491434
9491435
9520245
9520246
9520247
9520248
9520298
9520299
9520300
9520301
9520314
9520315
9520316
9520317
9520322
9520440
9520441
9520442
9520471
9520497
9520498
9520499
9520504
9520505
9520515
9520516
9520529
9520530
9520531
9520532
9520537
9520538
9520539
9520549
9520674
9520675
9520676
9520677
9520682
9520683
9520684
9520685
9520986
9520987
9521013
9521014
9521019
9521020
9521021
9521071
9521100
9521110
9521111
9521112
9521117
9521118
9521119
9521120
9521133
9521134
9521144
9521145
9521150
9521151
9521152
9521153
9521214
9521215
9521216
9525003
9525008
9525009
9525010
9525011
9525024
9525025
9525026
9525027
9525077
9525078
9525079
9525080
9525109
9525110
9525111
9525112
9525117
9525127
9525128
9525129
9525142
9525143
9525144
9525145
9525275
9525276
9525394
9525395
9554852
9554853
9554854
9555384
9555389
9555390
9555391
9555401
9555414
9555415
9555416
9555417
9555422
9555423
9555424
9555425
9555643
9555644
9555645
9571739
9571744
9571770
9571771
9571772
9573230
9573267
9573268
9573269
9573274
9573275
9573276
9573277
9573338
9573339
9573349
9573350
9576397
9576398
9576399
9576400
9576413
9576414
9576415
9576425
9576430
9576431
9576457
9576458
9576487
9576537
9576538
9576539
9576616
9576617
9576618
9576619
9576632
9576633
9576634
9576635
9576640
9576650
9576651
9576652
9576777
9576778
9576779
9576780
9576785
9576786
9576796
9576822
9576835
9576836
9576837
9576838
9576843
9576844
9576845
9577206
9577235
9577236
9577237
9577238
9577243
9577244
9577245
9577246
9577304
9577305
9577306
9577307
9577312
9577313
9577314
9577315
9579026
9579036
9579086
9579087
9579092
9579093
9579094
9579095
9579108
9579109
9579146
9579147
9579152
9579153
9579154
9579155
9579184
9579185
9579186
9579196
9579201
9579202
9579203
9579204
9579217
9579243
9579244
9579245
9579295
9579296
9579297
9579298
9581343
9581344
9581345
9581346
9581351
9581388
9581389
9581390
9581403
9581404
9581766
9581767
9582377
9582378
9582388
9582389
9582418
9582419
9582445
9582495
9582500
9582501
9582502
9582512
9582525
9582526
9582527
9582528
9582533
9582534
9582535
9582536
9584730
9584731
9584732
9584733
9584738
9584739
9584740
9584741
9584754
9584764
9584765
9584791
9584796
9584797
9584798
9584799
9584828
9584829
9584839
9584840
9584845
9584846
9584847
9584848
9584861
9584862
9584863
9584900
9584905
9584906
9584907
9584908
9585033
9585034
9585035
9585036
9650036
9650037
9650038
9650039
9650052
9650053
9650054
9650055
9650060
9651760
9651761
9651762
9651791
9651792
9651793
9651794
9651799
9651800
9651837
9651838
9651851
9651852
9651853
9651854
9651859
9652010
9652011
9652021
9652082
9652083
9652084
9652085
9652090
9652091
9652092
9652093
9652151
9652152
9652153
9652154
9652159
9652160
9652161
9652162
9652191
9652309
9652310
9652311
9652316
9652366
9652392
9652393
9652406
9652407
9652417
9652418
9652423
9652424
9652425
9652426
9652679
9652680
9652681
9652691
9652696
9652818
9652819
9652820
9652833
9652834
9652835
9652836
9652913
9652914
9652915
9652941
9652970
9652971
9652972
9652973
9664023
9664033
9664034
9664035
9664048
9664049
9664050
9664051
9664056
9664057
9664067
9664068
9664129
9664130
9664131
9664132
9664137
9664138
9664188
9664225
9664363
9664364
9664365
9664366
9664371
9664372
9665334
9665335
9665553
9665554
9665555
9665556
9665561
9665562
9665563
9665564
9665577
9673390
9673391
9673392
9673397
9673398
9673399
9673400
9673525
9673551
9673912
9673913
9673918
9673919
9673920
9673921
9673934
9673935
9673936
9673946
9673951
9673952
9673953
9673954
9673983
9673984
9673985
9673986
9674036
9674037
9674038
9674431
9674444
9674445
9674596
9674597
9674602
9674639
9674640
9674641
9674702
9674703
9674704
9674705
9674710
9674711
9674721
9674722
9674735
9674736
9674737
9674738
9674743
9674744
9674745
9674755
9674784
9674785
9674786
9674812
9674817
9674818
9674988
9674989
9675290
9675291
9675292
9675293
9675298
9675299
9675421
9675422
9675931
9675941
9675942
9675943
9675948
9675949
9675950
9675951
9676209
9676210
9676220
9676221
9676351
9676352
9676353
9676354
9676383
9676384
9676385
9676503
9676508
9676509
9676510
9676511
9676524
9676525
9676526
9676527
9676577
9676578
9676579
9676580
9676641
9676642
9676643
9676644
9676649
9676909
9676910
9676911
9676924
9676925
9676926
9676927
9676932
9676933
9676970
9676971
9677000
9677001
9677002
9677003
9677008
9677009
9677010
9677020
9677033
9677083
9677084
9677085
9677090
9677091
9677117
9677118
9678008
9678009
9678010
9678011
9678016
9678017
9678018
9678019
9678032
9678069
9678070
9678071
9678076
9678077
9678078
9678079
9678108
9678109
9678119
9678120
9678125
9678126
9678127
9678903
9688161
9688162
9688163
9688173
9688178
9688179
9688180
9688181
9688242
9688243
9688244
9688245
9688727
9688728
9688729
9688730
9688743
9688744
9688794
9688795
9688800
9688810
9688811
9688812
9689366
9689367
9711569
9711931
9711936
9711937
9711947
9712069
9712082
9712083
9712084
9712085
9712090
9712091
9712092
9712129
9712382
9712383
9712384
9712385
9712390
9712391
9712392
9712393
9712451
9712477
9712478
9712479
9712484
9712485
9712486
9712487
9712516
9712526
9712527
9712528
9715178
9715179
9715180
9715181
9715194
9715195
9715232
9715282
9715287
9715288
9715289
9715459
9715520
9715521
9715547
9715557
9715562
9715563
9715564
9715565
9715578
9715579
9715580
9715581
9715631
9715632
9715633
9715634
9715663
9715664
9715665
9715666
9715671
9716761
9716762
9716763
9716776
9716777
9716778
9716804
9716809
9716810
9716820
9716821
9716946
9716947
9716948
9716949
9716954
9716955
9716956
9716966
9716979
9716980
9716981
9716982
9717232
9717233
9717234
9717235
9717696
9717697
9717698
9717699
9717954
9717955
9717956
9717957
9717970
9717980
9718270
9718271
9718276
9718277
9718278
9718279
9718340
9718341
9718351
9718352
9718357
9718358
9718359
9718360
9718373
9762895
9762896
9762933
9762938
9762964
9762965
9762966
9765536
9765537
9765538
9765539
9765589
9765590
9765591
9765592
9765605
9765606
9765607
9765608
9765613
9766113
9766114
9766115
9767136
9767137
9767138
9767139
9767144
9767145
9769538
9769539
9769552
9769553
9769554
9769555
9769560
9769561
9769562
9769572
9769601
9769602
9769603
9769604
9769609
9769610
9769611
9769612
9769670
9769671
9769672
9769673
9769678
9770520
9770521
9770547
9770608
9770645
9770646
9770647
9770652
9770653
9770654
9770655
9770668
9770669
9770679
9770680
9770685
9770686
9771079
9771080
9771109
9771110
9771111
9771121
9771126
9771127
9771128
9771129
9771267
9771268
9771269
9771270
9771347
9771348
9771349
9771350
9771475
9771476
9771477
9771478
9771483
9771493
9771494
9771495
9772353
9772354
9772355
9772356
9772361
9772362
9772372
9772373
9772402
9772553
9772554
9772555
9772560
9772561
9772562
9772680
9772693
9772694
9772695
9772696
9772701
9772702
9772703
9772753
9773003
9773004
9773005
9773006
9773011
9773012
9773013
9773014
9773027
9774247
9774273
9774274
9792884
9792885
9792886
9792887
9792916
9792917
9792954
9792955
9792960
9792961
9792962
9792963
9792976
9792977
9792978
9792988
9792993
9792994
9792995
9792996
9793249
9793250
9793251
9793277
9793327
9793328
9793329
9793330
9793343
9793344
9793345
9793346
9793351
9793388
9793389
9793390
9794448
9794449
9794450
9794451
9794456
9794457
9794467
9794468
9794481
9794482
9794483
9794484
9794614
9794615
9794616
9794626
9794687
9794688
9794689
9794690
9794695
9794696
9794697
9794698
9795647
9795648
9795649
9795650
9795655
9795656
9795657
9795658
9795687
9795697
9795698
9795699
9795704
9795730
9795731
9795732
9795745
9795746
9795756
9795757
9795762
9795763
9795764
9795765
9795890
9795940
9795941
9795978
9795983
9795984
9795985
9795986
9795999
9796000
9796001
9796002
9796052
9796053
9796204
9796205
9796234
9796235
9796236
9796237
9796242
9796252
9796253
9796254
9796267
9796268
9796269
9796270
9798080
9798081
9798118
9798119
9798180
9798181
9798303
9798304
9798309
9798310
9798311
9798571
9798584
9798585
9798586
9798587
9798592
9798593
9798594
9798595
9798813
9798983
9799033
9799034
9799039
9799040
9799041
9799042
9799055
9799173
9799174
9799464
9799469
9799470
9799471
9799472
9808506
9808507
9808517
9808518
9808523
9808524
9808525
9808526
9808539
9808540
9808541
9808551
9808556
9808557
9808558
9808559
9808588
9808589
9808590
9808591
9808668
9808669
9808670
9808671
9808684
9808710
9808711
9808712
9808717
9808727
9808728
9808729
9808790
9808791
9808792
9808842
9808847
9808848
9808858
9808859
9808872
9808873
9808874
9808875
9808880
9808881
9808882
9808919
9808948
9808949
9808975
9808976
9808981
9808982
9808983
9808984
9809042
9809043
9809044
9809045
9809050
9809051
9809052
9809053
9809178
9809188
9809189
9809190
9809195
9809196
9809197
9809198
9809211
9809212
9809330
9809481
9809486
9809487
9809488
9809489
9809518
9809519
9809520
9809530
9809780
9809781
9809782
9809783
9809796
9809797
9814287
9814409
9814459
9814460
9814461
9814462
9814523
9814524
9814525
9814526
9814656
9814693
9814694
9814695
9814708
9814709
9814710
9814711
9814716
9814717
9814727
9814728
9814757
9814758
9814759
9814760
9814765
9814766
9814767
9814777
9814790
9814791
9814792
9814793
9814798
9814824
9814825
9814826
9817815
9817816
9817817
9817818
9817823
9818216
9818217
9818218
9818231
9818241
9818242
9818243
9818248
9818249
9818250
9818251
9877269
9877270
9877280
9877281
9877286
9877287
9877313
9877314
9877327
9877328
9877498
9877859
9877864
9877865
9877866
9877867
9877928
9877929
9877930
9877931
9877981
9878511
9878512
9878513
9878526
9878527
9878528
9878529
9878534
9878544
9878545
9878571
9878600
9878601
9878602
9878603
9878608
9878609
9879136
9879137
9879150
9879151
9879152
9879153
9879158
9879159
9879160
9879170
9879295
9879296
9879297
9879298
9879303
9879304
9879305
9879306
9912989
9912990
9912991
9912992
9912997
9912998
9912999
9913000
9913029
9913066
9913067
9913068
9913678
9913679
9913680
9913681
9913694
9913695
9913705
9913706
9913711
9913712
9913713
9913714
9913775
9913801
9913802
9913812
9913817
9913818
9913819
9913869
9913882
9913883
9913884
9913885
9914367
9914368
9914369
9914370
9914399
9914400
9914401
9914402
9914407
9914417
9914418
9914419
9914432
9914433
9914459
9914460
9914465
9914466
9914476
9914477
9922666
9922667
9922668
9922669
9922674
9922675
9922676
9922713
9922726
9922727
9922728
9922729
9922734
9922735
9922736
9922737
9922955
9922956
9922957
9922983
9922988
9922989
9922990
9922991
9923249
9923259
9923260
9923261
9924711
9924712
9924713
9924714
9924775
9924776
9924813
9924814
9924819
9924820
9924821
9924822
9924835
9924836
9924837
9924847
9924977
9924978
9924979
9924980
9925009
9925010
9925011
9925012
9925062
9925063
9925064
9925065
9925078
9925079
9925080
9925081
9925086
9925204
9925205
9925206
9925331
9925332
9925333
9925503
9925508
9935045
9935055
9935056
9935069
9935119
9935120
9935121
9935126
9935248
9935249
9935259
9935288
9935289
9935290
9935291
9935296
9935297
9935298
9935299
9935600
9935601
9935602
9935603
9935608
9935609
9935635
9935636
9935697
9935707
9935708
9935709
9935714
9935715
9935716
9935717
9935730
9935731
9935741
9935742
9935747
9935748
9935749
9936711
9936740
9936741
9936742
9936779
9936784
9936785
9936786
9936812
9936825
9938195
9938245
9938246
9938296
9938297
9938298
9938299
9938552
9938553
9938554
9938555
9938560
9938570
9938571
9938572
9938585
9938586
9938587
9938588
9938593
9938594
9939684
9939685
9940239
9940240
9940241
9940242
9940247
9940248
9940249
9940259
9940272
9940273
9940274
9940275
9940280
9940281
9940282
9940283
9940533
9940534
9940535
9940536
9940541
9940542
9940543
9940544
9940557
9940844
9940845
9940895
9940900
9940901
9940902
9940903
9940932
9940933
9940943
9940944
9940949
9940950
9940951
9940952
9940965
9940966
9940967
9940977
9940982
9940983
9940984
9940985
9941110
9941111
9941262
9941263
9941340
9944822
9946275
9946276
9946289
9946290
9946291
9946292
9946297
9946307
9946308
9946309
9946338
9946339
9946340
9946341
9946346
9946347
9946357
9946358
9946371
9946372
9946373
9946399
9946992
9946993
9946994
9947112
9947173
9947174
9947175
9947176
9947181
9947182
9947183
9947184
9947242
9947243
9947244
9947245
9948095
9948096
9948097
9948098
9948127
9948137
9948138
9948139
9948269
9948270
9948271
9948272
9948285
9948286
9948323
9948324
9948329
9948330
9948331
9948332
9948841
9948842
9948843
9948853
9948858
9948859
9948860
9948861
9948874
9948875
9948876
9948877
9948927
9950227
9950228
9950229
9950258
9950259
9950260
9950261
9950266
9950303
9950304
9950305
9950318
9950319
9950320
9950321
9950326
9950327
9950337
9950338
9950399
9950400
9950401
9950402
9950407
9950408
9950434
9950444
9950457
9950458
9950459
9950460
9950465
9950466
9950467
9950468
9952630
9952631
9952632
9952633
9952638
9952639
9952640
9952641
9952654
10003074
10003075
10003076
10003081
10003371
10003421
10006718
10006843
10006844
10006854
10006855
10006860
10006861
10006862
10006863
10006876
10006877
10006878
10023725
10023730
10023731
10023732
10023733
10023762
10023763
10023764
10023765
10023815
10023816
10023817
10023818
10023956
10023957
10023958
10023959
10023964
10023974
10023975
10023976
10024037
10024038
10024039
10024040
10024045
10024046
10032493
10032494
10032507
10032508
10032509
10032510
10032515
10032516
10032517
10033017
10033046
10033072
10033073
10033074
10033079
10033080
10033081
10033082
10033140
10033141
10033142
10033143
10033148
10033149
10033150
10033151
10033404
10033765
10033766
10033767
10033772
10033773
10033774
10033775
10033788
10033789
10034049
10034050
10034055
10034056
10034057
10034058
10034087
10034088
10034089
10034099
10034104
10034274
10034275
10034276
10034289
10034290
10034291
10034292
10034369
10034370
10034371
10034372
10035462
10035463
10035464
10035490
10035495
10035505
10035506
10035507
10035520
10035521
10035522
10035523
10035528
10035529
10039149
10039150
10039179
10039180
10039181
10039182
10039187
10039188
10039718
10039755
10040373
10040374
10040375
10040376
10040631
10040632
10040633
10040634
10041524
10041525
10041526
10041527
10041532
10041533
10041534
10041535
10041548
10041558
10041559
10041560
10041565
10041566
10041567
10041568
10041597
10041647
10041765
10041766
10041771
10041797
10041798
10041799
10041812
10041813
10041814
10041824
10041829
10041830
10041831
10041832
10041893
10041894
10041895
10041896
10041946
10041947
10041948
10041949
10041962
10041963
10041964
10041965
10041970
10042007
10042033
10042034
10042063
10042064
10042065
10042066
10042071
10042072
10042082
10042083
10042096
10042097
10042098
10042099
10042104
10042105
10042106
10042116
10043137
10043138
10043188
10043189
10043194
10043195
10043196
10043222
10043523
10043524
10043525
10043526
10043531
10043532
10043533
10043534
10043563
10043573
10043574
10043575
10043580
10043581
10043582
10043583
10043596
10043597
10043607
10043608
10043613
10043614
10043615
10043616
10044202
10044203
10067005
10067123
10067128
10067129
10067130
10067131
10067144
10067145
10067146
10067147
10067197
10067198
10067199
10067200
10067229
10067351
10067352
10070146
10070151
10070161
10070162
10070163
10070176
10070952
10070953
10070954
10070959
10070960
10072687
10072688
10072813
10072814
10072815
10072816
10072821
10072822
10072823
10072833
10072846
10072847
10072848
10072849
10072854
10072855
10072856
10072857
10073075
10073076
10073102
10073103
10073108
10073109
10073110
10073111
10073124
10073161
10073162
10073163
10073168
10073169
10073459
10073460
10073521
10073522
10073532
10073533
10073783
10073784
10073785
10073786
10073799
10073800
10073801
10074061
10074066
10074067
10074068
10074069
10074098
10074099
10074100
10074101
10074826
10074827
10074828
10074829
10074842
10074843
10074844
10074845
10074850
10074860
10074861
10074862
10075115
10075116
10075117
10075118
10075248
10075249
10075259
10075260
10075273
10075274
10075275
10075276
10075281
10075282
10075283
10075320
10075349
10075350
10075351
10075352
10075357
10075407
10075408
10075409
10075467
10075468
10075469
10075470
10075475
10075501
10075502
10075503
10075564
10075574
10075575
10075576
10075581
10075582
10075583
10075584
10075597
10075598
10076845
10076846
10076851
10076852
10076853
10076854
10076883
10076884
10076885
10076895
10076900
10076901
10077052
10077053
10077066
10077067
10077068
10077069
10077119
10077120
10077121
10077122
10077247
10077248
10077249
10077250
10077255
10077373
10077423
10077424
10077437
10077438
10077439
10077440
10077445
10077446
10077456
10077482
10077511
10077512
10077513
10077514
10077519
10077520
10077521
10077531
10077544
10077545
10077546
10077547
10077552
10077553
10077554
10077555
10078048
10078049
10078050
10078051
10135301
10135302
10135303
10135473
10135611
10135621
10135622
10135623
10135628
10135629
10135630
10135631
10135660
10135661
10135671
10135672
10135677
10135678
10135679
10135729
10135742
10135743
10135744
10135781
10135786
10135787
10135788
10135789
10136298
10136324
10136325
10136326
10136376
10136377
10136378
10136379
10136392
10136393
10136394
10136395
10136400
10136410
10136411
10136412
10136441
10136442
10136443
10136444
10136449
10136450
10136568
10136930
10136943
10136944
10136970
10136971
10136976
10136977
10136978
10136988
10137049
10137050
10137051
10137173
10137178
10137179
10137180
10137181
10139689
10139690
10139691
10139692
10139697
10139698
10139699
10139700
10139729
10139766
10139767
10139918
10139923
10139924
10139925
10139926
10139939
10139940
10139950
10139951
10139956
10139957
10139958
10139959
10140084
10140085
10140086
10140096
10140101
10140102
10140103
10140104
10140117
10140118
10140119
10140120
10141447
10141448
10141449
10141450
10141479
10141480
10141481
10141482
10141487
10141497
10141498
10141499
10141512
10141562
10141563
10141564
10141569
10141570
10141580
10141581
10141642
10141643
10141644
10141645
10141650
10141676
10141677
10151515
10151528
10151529
10151530
10151531
10151536
10151537
10151538
10151539
10151757
10151758
10151759
10151760
10151765
10151766
10151767
10151768
10151781
10151791
10151792
10151793
10151798
10151799
10151825
10152115
10152368
10152369
10152406
10152407
10152412
10152413
10152414
10152415
10152428
10152429
10152822
10152832
10152837
10152838
10152839
10152840
10156418
10156419
10156420
10156421
10156471
10156472
10156473
10156499
10156512
10156513
10156514
10156515
10157125
10157162
10157163
10157164
10157225
10157226
10157227
10157228
10157233
10157234
10157244
10157245
10157258
10157259
10157260
10157261
10157266
10157267
10157268
10157278
10158957
10158958
10158959
10158960
10158965
10158966
10158967
10158968
10159674
10159675
10159676
10159726
10159731
10159732
10159733
10159734
10159859
10159869
10159870
10159871
10159876
10159877
10159878
10160408
10160421
10160447
10160457
10160458
10160463
10160464
10160465
10160466
10160495
10160496
10160497
10160534
10160539
10160540
10160541
10160542
10160555
10160556
10160557
10160558
10160608
10160609
10160610
10160611
10160672
10160673
10160699
10160700
10160705
10160715
10160716
10160717
10160730
10160731
10160732
10160733
10160983
10160984
10161021
10161022
10161051
10161052
10161053
10161054
10161059
10161060
10161061
10161071
10161084
10161085
10161086
10161112
10161117
10161118
10161119
10161120
10175450
10175451
10175452
10175453
10175458
10175459
10175460
10175461
10175474
10175592
10175593
10175594
10175599
10175600
10175601
10175602
10175631
10175632
10175642
10175643
10175773
10175895
10175896
10175897
10175910
10175911
10175912
10175922
10175927
10175977
10175978
10175979
10176040
10176041
10176042
10176043
10176120
10176121
10176122
10176123
10176136
10176137
10176138
10176139
10176144
10176529
10176530
10176531
10196741
10196742
10196743
10196744
10196749
10196750
10196760
10196761
10196774
10199141
10199142
10199143
10199148
10199149
10199150
10199187
10199312
10199313
10199314
10199315
10199320
10199321
10199347
10199348
10199406
10199407
10199408
10199409
10199414
10199415
10199465
10199466
10199495
10199505
10199506
10199507
10199512
10199513
10199514
10199515
10199528
10199529
10199890
10199891
10199896
10199897
10199898
10199924
10199985
10199986
10199987
10199997
10200002
10200003
10200004
10200005
10200018
10200019
10200020
10200021
10200071
10200072
10200073
10200074
10200103
10200104
10200105
10200106
10200111
10200148
10200149
10200150
10200288
10200289
10200290
10200291
10200296
10200297
10200307
10200357
10231295
10231296
10231297
10231298
10231303
10231304
10231305
10231315
10231328
10231329
10231330
10231331
10231336
10231337
10231459
10231460
10231921
10280021
10280022
10280023
10280028
10280029
10280030
10280031
10280044
10280054
10280055
10280056
10280061
10280062
10280063
10280064
10286194
10286195
10286205
10286206
10286211
10286212
10286213
10286214
10286227
10286228
10287004
10287122
10287127
10287128
10287129
10287971
10289029
10289030
10289031
10289032
10289082
10289083
10289084
10289085
10289098
10289099
10289100
10289101
10289106
10289116
10289117
10289118
10289243
10289244
10289245
10289271
10289276
10289277
10289314
10289315
10289328
10289329
10289330
10289331
10289336
10289337
10289338
10289348
10289377
10289378
10289379
10289380
10289385
10289386
10289387
10289388
10289446
10289447
10289448
10289449
10289579
10289580
10289581
10289582
10289643
10299774
10299944
10299945
10299950
10299951
10299952
10299953
10299966
10299967
10299977
10299978
10299983
10299984
10299985
10299986
10300015
10300016
10300017
10300027
10300032
10300058
10300059
10300060
10300073
10300074
10300075
10300076
10300558
10300559
10300560
10300561
10301070
10301071
10301072
10301073
10301078
10301088
10301089
10301211
10301224
10301225
10301226
10301227
10301232
10301233
10301493
10301494
10301523
10301524
10301574
10301575
10301580
10301581
10301582
10301619
10301632
10301633
10301634
10301635
10301640
10301641
10301642
10301643
10301893
10301894
10301895
10301896
10301901
10301902
10301903
10302054
10302067
10302077
10302078
10302079
10302084
10302085
10302086
10302087
10302116
10302117
10302154
10302155
10302160
10304370
10304371
10304372
10304385
10304386
10304387
10304397
10304402
10304403
10304404
10304405
10306655
10306656
10306657
10306707
10306757
10306758
10306759
10306760
10306773
10306774
10306775
10306776
10306781
10307142
10307143
10307144
10307173
10307174
10307175
10307176
10307181
10307182
10307192
10307193
10307206
10307232
10307233
10307234
10307239
10307240
10307241
10307251
10307312
10307313
10307314
10307315
10307320
10307321
10307322
10307323
10307624
10307625
10307626
10307627
10307632
10307633
10307634
10307635
10307664
10307674
10307700
10307701
10307951
10307952
10307953
10307954
10307967
10307968
10307978
10307979
10307984
10307985
10307986
10307987
10318525
10318526
10318527
10318564
10318569
10318570
10318571
10318572
10318585
10318586
10318587
10323007
10323057
10323058
10323059
10323060
10323089
10323090
10323091
10323092
10323097
10323107
10323108
10323109
10323122
10323123
10323124
10323125
10323130
10323131
10323249
10323250
10323311
10323312
10323313
10323314
10323569
10323619
10323620
10323630
10323643
10323644
10323645
10323646
10323651
10323652
10323653
10323654
10323872
10323873
10323874
10323875
10323880
10323881
10323882
10323883
10323896
10323933
10323934
10323935
10323940
10323966
10323967
10323968
10324093
10324383
10324393
10324394
10324399
10324400
10324401
10324402
10324415
10324416
10324417
10324427
10324432
10324433
10324434
10324435
10324464
10324465
10325835
10325836
10325913
10325914
10327214
10327215
10329873
10329874
10329875
10329876
10329881
10329891
10329892
10329893
10329954
10329955
10329956
10329957
10329962
10329963
10329973
10329974
10329987
10330349
10330350
10330351
10330356
10330357
10330358
10332751
10332780
10332781
10332782
10332783
10332788
10332789
10332790
10332791
10332849
10334302
10334303
10334304
10334309
10334310
10334311
10334312
10335333
10335343
10335344
10335345
10335350
10335351
10335352
10335402
10335540
10335541
10335578
10335579
10335584
10335585
10335586
10335587
10335616
10335617
10335618
10335628
10335633
10335634
10335635
10335636
10335649
10335650
10335651
10335652
10335702
10335703
10335704
10335705
10335766
10335917
10335918
10335919
10335924
10335961
10335962
10335963
10335976
10335977
10335978
10335979
10335984
10335985
10335995
10335996
10336025
10336026
10336027
10336028
10336878
10336879
10336880
10336890
10340235
10340236
10340262
10340263
10340268
10340269
10340270
10340271
10425833
10425834
10425835
10425836
10425841
10425842
10425843
10425844
10425857
10425867
10425868
10425869
10425874
10425875
10425876
10425877
10425906
10425907
10425917
10425943
10425948
10425949
10425950
10425951
10425964
10425965
10425966
10426003
10426008
10426009
10426010
10426011
10426072
10426073
10426074
10426075
10426125
10426126
10426127
10426128
10426141
10426191
10426192
10426193
10426323
10426333
10426334
10426335
10426364
10426365
10426487
10426488
10426493
10426494
10426531
10426532
10426545
10426546
10426547
10426548
10426553
10426554
10426555
10426565
10426818
10426819
10426820
10426821
10426826
10426852
10426853
10426854
10426912
10426913
10426914
10426915
10426920
10426921
10426922
10426923
10426952
10427070
10427071
10427072
10427077
10427078
10427079
10427080
10427093
10427094
10427594
10427595
10427600
10427601
10427752
10427753
10427814
10427815
10427816
10427826
10427831
10427832
10427833
10427834
10427847
10427848
10427849
10427850
10427927
10427928
10427929
10427930
10427959
10427960
10427961
10427962
10427967
10427977
10427978
10428004
10428017
10428018
10428019
10428020
10428025
10428026
10428036
10428037
10428162
10428163
10428164
10428165
10428170
10428171
10428172
10428209
10428222
10428223
10428224
10428274
10428279
10428280
10428281
10428282
10433750
10433751
10433752
10433753
10433758
10433759
10433760
10433761
10433774
10433784
10433785
10433786
10433791
10433961
10433962
10433963
10434024
10434025
10460442
10460443
10460448
10460449
10460450
10460451
10460464
10460490
10460491
10461711
10461716
10461717
10461718
10461719
10461748
10461749
10461750
10461751
10461801
10461802
10461803
10461804
10461817
10461818
10461819
10461820
10462070
10462107
10462108
10462109
10462618
10462619
10462645
10462646
10462651
10462652
10462662
10462663
10462676
10462677
10462678
10462679
10462684
10462685
10462686
10462696
10462725
10462726
10462727
10462728
10462733
10462734
10462735
10462736
10463037
10463038
10463039
10482565
10482570
10482571
10482572
10482573
10482634
10482644
10482645
10482646
10482651
10482652
10482653
10482654
10482667
10482668
10482678
10482679
10482684
10482734
10482735
10482736
10482765
10482766
10482767
10483128
10483258
10483259
10483260
10483261
10483274
10483275
10483276
10483277
10483327
10483328
10483329
10483330
10483455
10483456
10483457
10483458
10483463
10483473
10483474
10483475
10483488
10483489
10483490
10483491
10483496
10483522
10483559
10483560
10483589
10483590
10483952
10483953
10483958
10483959
10483960
10483970
10483983
10483984
10483985
10483986
10483991
10483992
10484042
10484043
10484293
10484294
10484295
10484296
10484906
10484907
10484933
10484934
10484947
10484984
10484985
10484986
10484991
10484992
10484993
10484994
10485023
10485024
10485034
10485035
10485040
10485041
10485042
10485043
10485056
10485057
10485058
10485068
10485073
10485074
10485075
10485101
10485354
10485355
10485356
10485357
10485839
10485840
10486010
10486011
10486024
10486025
10486026
10486027
10486032
10486042
10486043
10486436
10486465
10486466
10486467
10486468
10486473
10486474
10486484
10486485
10487748
10487749
10487750
10487751
10487756
10487757
10487758
10487795
10487856
10487857
10487858
10487859
10487864
10487865
10487866
10487867
10487925
10487926
10487927
10487928
10487933
10487934
10487935
10487936
10487965
10488225
10488226
10488227
10488232
10488233
10488234
10488235
10488248
10488249
10488286
10488287
10488292
10488293
10488294
10488295
10492585
10492586
10492587
10492597
10492602
10502012
10502013
10502014
10502027
10502028
10502054
10502055
10502105
10502106
10502107
10502108
10502137
10502138
10502139
10502140
10502145
10502263
10502264
10502265
10502278
10502279
10502280
10502281
10510691
10510813
10510823
10510824
10510885
10510886
10510887
10510913
10510918
10510919
10510920
10510930
10510943
10511473
10511474
10511475
10511480
10511481
10511482
10511483
10511944
10560044
10560045
10560046
10560051
10560052
10560053
10560054
10564272
10564282
10564283
10564284
10564414
10564415
10564416
10564417
10568510
10568511
10568521
10568811
10568816
10568817
10568818
10568819
10568832
10568833
10568834
10568871
10568876
10568877
10568878
10568879
10568908
10568909
10568910
10568911
10568961
10569112
10569113
10569114
10569127
10569128
10569129
10569130
10569135
10569145
10569146
10569147
10569208
10569209
10569259
10569260
10569265
10569266
10569627
10569628
10569641
10569642
10569643
10569644
10569649
10569650
10569676
10571376
10571405
10571406
10571407
10571408
10571413
10571414
10571415
10571416
10571474
10571475
10571476
10571477
10571482
10571483
10571484
10571485
10571610
10571647
10571648
10571649
10571654
10571655
10571656
10571682
10571695
10571696
10571706
10571707
10571712
10571713
10571714
10571715
10571744
10571745
10571746
10572246
10572251
10572252
10572374
10572375
10572388
10572389
10572390
10572391
10572468
10572469
10572470
10572471
10573057
10573058
10573059
10573060
10573065
10573075
10573076
10573077
10573090
10573091
10573092
10573093
10573098
10573099
10573109
10573110
10573139
10573140
10573141
10573142
10573147
10573148
10573149
10573267
10573280
10573306
10573307
10573308
10573313
10573314
10573315
10573316
10574334
10574335
10574336
10574337
10574587
10574588
10574589
10574590
10574603
10574613
10574614
10574615
10574620
10574621
10574622
10574623
10574652
10574653
10578440
10578441
10578446
10578447
10578448
10578449
10578462
10578463
10578464
10578474
10578479
10578480
10578481
10578482
10578543
10578544
10578545
10578546
10578596
10578597
10578598
10578599
10578612
10578613
10578614
10578640
10578645
10578682
10578683
10578684
10578713
10578714
10578715
10578716
10578721
10578771
10578781
10578782
10578795
10578796
10578797
10579159
10579164
10579165
10579166
10579176
10579301
10579302
10579303
10579304
10579434
10579435
10579436
10579437
10580143
10580144
10580145
10580146
10580151
10580152
10580153
10580275
10580304
10580314
10580315
10580316
10580321
10580322
10580323
10580324
10581182
10581183
10581193
10581194
10581199
10581225
10581226
10581227
10581288
10581289
10581290
10581327
10581332
10581333
10581726
10581727
10581740
10581741
10581742
10581743
10581793
10581794
10581795
10581796
10581825
10581826
10581827
10581828
10581833
10581843
10581869
10581870
10581883
10581884
10581885
10581886
10581891
10581892
10581929
10581930
10582439
10582440
10582441
10582442
10582447
10582448
10582449
10582459
10582472
10582473
10582474
10582475
10582480
10582481
10582482
10582633
10582851
10582852
10582853
10582854
10582859
10582860
10582861
10582911
10582924
10584014
10584015
10584016
10584021
10584022
10584023
10584024
10584085
10584086
10584096
10584097
10585547
10585548
10585549
10585550
10585688
10585689
10585690
10585700
10585705
10585706
10585707
10585708
10585737
10585738
10585739
10585740
10585817
10585818
10585819
10585820
10585833
10585834
10585835
10585836
10585841
10585851
10585852
10585853
10585978
10586004
10586005
10586006
10586011
10586012
10586022
10586023
10616531
10616532
10616533
10616534
10616539
10616540
10616541
10616578
10616607
10616608
10616609
10616610
10616615
10616616
10616617
10616618
10616676
10616677
10616703
10616704
10616709
10616710
10616711
10616712
10616773
10616783
10616784
10616785
10616790
10616791
10616792
10616793
10616806
10616807
10616925
10616926
10616931
10616932
10616933
10616934
10616963
10616964
10616965
10617225
10617230
10617231
10617232
10617233
10617246
10617296
10617297
10617298
10617348
10617349
10617350
10617351
10617604
10617774
10617775
10617776
10617781
10617818
10617819
10617820
10617833
10617834
10617835
10617836
10621216
10621217
10621227
10621228
10621257
10621258
10621259
10621260
10621265
10621266
10621267
10621277
10621290
10621291
10621292
10621293
10621298
10621299
10621300
10621301
10621794
10621795
10621796
10621797
10681207
10681233
10689155
10689156
10689169
10689179
10689229
10689230
10689235
10689236
10689237
10689238
10689267
10689268
10689278
10689279
10689284
10689285
10689286
10689287
10689300
10689301
10689302
10689420
10689425
10689426
10689452
10689453
10689578
10689700
10689701
10689702
10689752
10689753
10689754
10689755
10689768
10689769
10689770
10689771
10689776
10689786
10689787
10689788
10689817
10689818
10689819
10689820
10689825
10689826
10689863
10689889
10689902
10689903
10689904
10689954
10689959
10689960
10689961
10689971
10690032
10690033
10690034
10690035
10690040
10690041
10690042
10690043
10690101
10690102
10690103
10690104
10690109
10690110
10690111
10690112
10690666
10690703
10690704
10690705
10690710
10690711
10690712
10690713
10690726
10690727
10696027
10696028
10696033
10696034
10696035
10696036
10697057
10697058
10697059
10697069
10697074
10697075
10697076
10697077
10697090
10697241
10697242
10697243
10720263
10720264
10720265
10720266
10720295
10720296
10720297
10720298
10720303
10720313
10720314
10720315
10720328
10720329
10720330
10720331
10720336
10720337
10720347
10720348
10720409
10720410
10720436
10720437
10722247
10722248
10722249
10722286
10722299
10722300
10722470
10722471
10722476
10722477
10722478
10722479
10722697
10722698
10722699
10722700
10722705
10722706
10722707
10722708
10722721
10722731
10722853
10722879
10722884
10723277
10723278
10723279
10723404
10723405
10723442
10723443
10723448
10723738
10723739
10723740
10723753
10723754
10723755
10723765
10723770
10723771
10723772
10723773
10723802
10723803
10723804
10723805
10725105
10725106
10725107
10725108
10725121
10725122
10725123
10725124
10725129
10725247
10725248
10725249
10725310
10725311
10725312
10725313
10725318
10725319
10725329
10725330
10725343
10725344
10725345
10725346
10725351
10725377
10725427
10725437
10725466
10725467
10725468
10725469
10725474
10725475
10725476
10725477
10725778
10725779
10725780
10725781
10725786
10725787
10725788
10725789
10726042
10726052
10726053
10726054
10726059
10726060
10726211
10726212
10726225
10729035
10729045
10729046
10729051
10729052
10729053
10729054
10729083
10729084
10729085
10729122
10729127
10729128
10729129
10729130
10729143
10729144
10729145
10729146
10729196
10729197
10729198
10730498
10730559
10730560
10730561
10730562
10730567
10730577
10730578
10730579
10730592
10730593
10730594
10730595
10730600
10730601
10730719
10730720
10730749
10730750
10730751
10730873
10730878
10730879
10730880
10730890
10731028
10731029
10731030
10731031
10731036
10731037
10731038
10731039
10731929
10731930
10731931
10731932
10731937
10731938
10731939
10731940
10731953
10731990
10731991
10731992
10731997
10731998
10731999
10732000
10733058
10733084
10733094
10733264
10733269
10733270
10733271
10733272
10733285
10733286
10733287
10733297
10733302
10733303
10733304
10733305
10733366
10733367
10733368
10733369
10733446
10733447
10733448
10733449
10733462
10733463
10733489
10733490
10733495
10733505
10733506
10733507
10733536
10733537
10733538
10733539
10733544
10733545
10733555
10733556
10733569
10733570
10733571
10733572
10733577
10733578
10733579
10733940
10734449
10734499
10734500
10734651
10734656
10734657
10734658
10734659
10734717
10734718
10734719
10734720
10734725
10734726
10734727
10734728
10734757
10734767
10734768
10734769
10734774
10734775
10734776
10734777
10734790
10734791
10734828
10734829
10734959
10734960
10734961
10734962
10735023
10735024
10735025
10735035
10735040
10735041
10735042
10735043
10735056
10735057
10735058
10736428
10743859
10743860
10743861
10743862
10743891
10743892
10743942
10743943
10743948
10744235
10744236
10744237
10744250
10744251
10744252
10744253
10744258
10744259
10744269
10744270
10744395
10745237
10745238
10745239
10745244
10745245
10745246
10745256
10745269
10745270
10745271
10745272
10745277
10745278
10745304
10745305
10747467
10747468
10747469
10747470
10747475
10747476
10747477
10747478
10747491
10800791
10800792
10800793
10800798
10800799
10800800
10800801
10800862
10800863
10800873
10800923
10800928
10800929
10801219
10801245
10801258
10801259
10801260
10801297
10801302
10801303
10801304
10801305
10801334
10801335
10801336
10801337
10801387
10801388
10801389
10801390
10801403
10801404
10801405
10801406
10802256
10802266
10802267
10802268
10813771
10813772
10813773
10813774
10813779
10813780
10813817
10813818
10813831
10813832
10813833
10813834
10813839
10821060
10821061
10821071
10821100
10821101
10821102
10821103
10833701
10833702
10833703
10833704
10833762
10833788
10833789
10833790
10833795
10833796
10833797
10833798
10833859
10833977
10833978
10833979
10833984
10834106
10834107
10834108
10834121
10834122
10834132
10834133
10834138
10834139
10834140
10834141
10834170
10834171
10859183
10859193
10859198
10859199
10859200
10859201
10859214
10859215
10859216
10859217
10859294
10859295
10859296
10859297
10859422
10859423
10859424
10859425
10859430
10859930
10859931
10859932
10859945
10859946
10861796
10861822
10861827
10861828
10861838
10861839
10861868
10861869
10861870
10861871
10861876
10861877
10861878
10861915
10861928
10861929
10861930
10861931
10861936
10861937
10861938
10861939
10862189
10862190
10862191
10862192
10862322
10862323
10862324
10862325
10862338
10862348
10862349
10862350
10862355
10862356
10862357
10862358
10862387
10862388
10865665
10865666
10865671
10865672
10865722
10865723
10865736
10865737
10865738
10865748
10865753
10866529
10866530
10866531
10868576
10868577
10868578
10868579
10868629
10868630
10868631
10868632
10868645
10868646
10868647
10869177
10869182
10869219
10869220
10869221
10869250
10869251
10869252
10869253
10869258
10869259
10869519
10869520
10869533
10869534
10869535
10869536
10869541
10869542
10869664
10869674
10869735
10869736
10869737
10869738
10869743
10869913
10869914
10869964
10870265
10870266
10870267
10870268
10870273
10870274
10870275
10870301
10870330
10870340
10870341
10870342
10870347
10870348
10870349
10870350
10870363
10870364
10870374
10870375
10870380
10870381
10870382
10870383
10870508
10870509
10870510
10870628
10870633
10870634
10870635
10870636
10870774
10870775
10870776
10870777
10870827
10870828
10870829
10870830
10870859
10870860
10870861
10870862
10870867
10870877
10870878
10870879
10871137
10871138
10871139
10871140
10871145
10871146
10871183
10878073
10878134
10878160
10878161
10878162
10878167
10878168
10878169
10878179
10878192
10878193
10878194
10878195
10878200
10878201
10878202
10878203
10878421
10878422
10878423
10878424
10878429
10878430
10878431
10878432
10878445
10878482
10878633
10878634
10878639
10878640
10878641
10878642
10878895
10878896
10878906
10878907
10878912
10878913
10878914
10879204
10879217
10879267
10879268
10879278
10879283
10879284
10879285
10879286
10879315
10879316
10879317
10879343
10879825
10879826
10879827
10879949
10879962
10879963
10879964
10879965
10879970
10879980
10879981
10879982
10880043
10880044
10880045
10880046
10880051
10880052
10880062
10880063
10880076
10880077
10880078
10880079
10880209
10880210
10880211
10880248
10880277
10880278
10880279
10880280
10880285
10880286
10880287
10880288
10880346
10880347
10880397
10880398
10880403
10880404
10880405
10880406
10880531
10880541
10880542
10880543
10880548
10880574
10880575
10880576
10880589
10880590
10880627
10880628
10880633
10880634
10883001
10883002
10883031
10883032
10883033
10883043
10883048
10883049
10883050
10883051
10883064
10883065
10883066
10883067
10883117
10883118
10883144
10883145
10883206
10883207
10883208
10883209
10883214
10883575
10883576
10883577
10883590
10883591
10883592
10883985
10883990
10883991
10884001
10884002
10884031
10884032
10884033
10884034
10884039
10887761
10888123
10888508
10888521
10888522
10888523
10888524
10888529
10888530
10888531
10888532
10894081
10894082
10894083
10910213
10910218
10910219
10910220
10910221
10910234
10910244
10910245
10910246
10910251
10910252
10910253
10910254
10976874
10976875
10976885
10976886
10976891
10976892
10976893
10976894
10976907
10976908
10976909
10976946
10977196
10977197
10977198
10977199
10977260
10977261
10977262
10977263
10977313
10977314
10977315
10977316
10977329
10977355
10977356
10977357
10977362
10977372
10977373
10977374
10977403
10977404
10977405
10977406
10977411
10977412
10977530
10977531
10977544
10977545
10977546
10977547
10977552
10977553
10977554
10977564
10977689
10977690
10977716
10977717
10977722
10977723
10977724
10977725
10977783
10977784
10977785
10977786
10977791
10977841
10977842
10977843
10977872
10977909
10977910
10977911
10977916
10977917
10977918
10977919
10977932
10977933
10977943
10977969
10977974
10977975
10977976
10977977
10978038
10978039
10978040
10978050
10978055
10978056
10978057
10978058
10978071
10978072
10978073
10978074
10978151
10978152
10978153
10978154
10978183
10978184
10978185
10978186
10978441
10978451
10978452
10978622
10978635
10978636
10978637
10978638
10978643
10978644
10979144
10979145
10979398
10979399
10979400
10979401
10979406
10979407
10979408
10979526
10979539
10979661
10979662
10979663
10979668
10979694
10979695
10979696
10979914
10979915
10979916
10979917
10979922
10979923
10979924
10979925
10979938
10979948
10979949
10979950
10979955
10979956
10979957
10979958
10980019
10980020
10980057
10980058
10980063
10980064
10980090
10980091
10981549
10981550
10981551
10981561
10981566
10981567
10981568
10981618
10981647
10981648
10981649
10981650
10981700
10981701
10981702
10981703
10981716
10981717
10981718
10981719
10981724
10981761
10981762
10981788
10981913
10981914
10981915
10981916
10981921
10981922
10981932
10981933
10981946
10981947
10981948
10981949
10981954
10981955
10981956
10981966
10981995
10981996
10981997
10981998
10982003
10982004
10984214
10984215
10996539
10996540
10996541
10996542
10996547
10996548
10996549
10996550
10997640
10997650
10997651
10997652
10997657
10997658
10997659
10997660
10997673
10997674
10997684
10997685
10997690
10997691
10997692
10997693
10997722
10997873
10997874
10997911
10997916
10997917
10997918
10997919
10997932
10997933
10997934
10997935
10997985
10997986
10997987
10997988
10999009
10999010
10999132
10999133
10999138
10999148
10999149
10999150
10999163
10999164
10999190
10999191
10999196
10999197
10999234
10999235
10999264
10999314
10999315
10999316
10999321
10999322
10999323
10999333
10999346
10999347
10999348
10999349
11014166
11014167
11014168
11014169
11049909
11049910
11049911
11049937
11049942
11049943
11049944
11049945
11049958
11050076
11050077
11050078
11050083
11050084
11050085
11050086
11050115
11050116
11050126
11050127
11050132
11050133
11050134
11050135
11050148
11050149
11050150
11050160
11050290
11050291
11050292
11050293
11050418
11050419
11050812
11050813
11050890
11050891
11050892
11050893
11050906
11050907
11050908
11050909
11050914
11050924
11050925
11050926
11050955
11050956
11050957
11050958
11050963
11050989
11050999
11051000
11051013
11051014
11051015
11051016
11051021
11051022
11054504
11058151
11058212
11058213
11058214
11058215
11058220
11058221
11058222
11058223
11058281
11058282
11058283
11058284
11058289
11059971
11060747
11060748
11060777
11060787
11060788
11060838
11060843
11060844
11060845
11060846
11060859
11060860
11060978
11061100
11061105
11061106
11061107
11061108
11061361
11061362
11061363
11061373
11061378
11061379
11061380
11061406
11061419
11061420
11086651
11086652
11086702
11086703
11086704
11086705
11086734
11086735
11086736
11086737
11086742
11086779
11086780
11086781
11086794
11086795
11086796
11086797
11086802
11086803
11086813
11086814
11087400
11087401
11087402
11087403
11087653
11087654
11087655
11087665
11087678
11087679
11087680
11087681
11087686
11087687
11087688
11087689
11088150
11088151
11088152
11088153
11088158
11088159
11088160
11088161
11088174
11088434
11088435
11088436
11088441
11088442
11088443
11088444
11088569
11088570
11088580
11088581
11088586
11088587
11088588
11088589
11088602
11137902
11137903
11138993
11138998
11138999
11139000
11139001
11139030
11139031
11139057
11139058
11139108
11139158
11139159
11139160
11139173
11139174
11139175
11139176
11139181
11139191
11139192
11139193
11139254
11139255
11139256
11139257
11139262
11139263
11139300
11139301
11139314
11139315
11139316
11139467
11139472
11139473
11139474
11139484
11139513
11139514
11139515
11139516
11140126
11140127
11140128
11140129
11140187
11140188
11140189
11140190
11140195
11140196
11140197
11140198
11140707
11140744
11140745
11140746
11140876
11140877
11140927
11140928
11140941
11140942
11140952
11140953
11140958
11140959
11140960
11140961
11140990
11140991
11140992
11141002
11141007
11141008
11141009
11141010
11141023
11141024
11141025
11141026
11141508
11141534
11141535
11141536
11141597
11141598
11141599
11141600
11141605
11141615
11141616
11141617
11141630
11141631
11141632
11141633
11141638
11141639
11141649
11141650
11141679
11141680
11141681
11141682
11141687
11141688
11141714
11142241
11142254
11142255
11142256
11142257
11142262
11142263
11142264
11142265
11143155
11143156
11143157
11143158
11143163
11143164
11143165
11143166
11143179
11143189
11143190
11143191
11143196
11143197
11143198
11143224
11143253
11143254
11143291
11143292
11143297
11143298
11143299
11143300
11143313
11143314
11143315
11143325
11143330
11143331
11143332
11143333
11143394
11143395
11143396
11143397
11143447
11143448
11143449
11143450
11151083
11151084
11151085
11151086
11151091
11162220
11162221
11162222
11162251
11162252
11162422
11163384
11163389
11163390
11163400
11163401
11163414
11163415
11163416
11163417
11163422
11163423
11163424
11163434
11163687
11163713
11163714
11163715
11163720
11163721
11163722
11163723
11164024
11164025
11164026
11164027
11164032
11164033
11164034
11164035
11164064
11164074
11164075
11164076
11164081
11164082
11164083
11164084
11164097
11164490
11164750
11164751
11164756
11164757
11164758
11164759
11164820
11164821
11164822
11164859
11164864
11164865
11164866
11164867
11164880
11164881
11164882
11164883
11164933
11164934
11164935
11164936
11164965
11164966
11164967
11164993
11164998
11165008
11165009
11165010
11165023
11165024
11165025
11165026
11165031
11165032
11165393
11165394
11165519
11165520
11165521
11165522
11165527
11165528
11165529
11165539
11167357
11167358
11167408
11167409
11167539
11167540
11167541
11167542
11167760
11167761
11167762
11167763
11167768
11167769
11167770
11167771
11167784
11167821
11167822
11167823
11167828
11167829
11167830
11167831
11167892
11167893
11167903
11167904
11167909
11168060
11168182
11168183
11168196
11168197
11173400
11173410
11173415
11173416
11173417
11173418
11173447
11173448
11173449
11173450
11173527
11173528
11173529
11173530
11173543
11173544
11173545
11173595
11173600
11173610
11173636
11173637
11206402
11206403
11206404
11206405
11206410
11206411
11206421
11206422
11206435
11206436
11206437
11206438
11206443
11206444
11206445
11206563
11206592
11206593
11206594
11206595
11206600
11206601
11206602
11206628
11206686
11206687
11206688
11206858
11206863
11206864
11206865
11206866
11206927
11206937
11206938
11206939
11206944
11206945
11206946
11206947
11206960
11206961
11206998
11206999
11207249
11207779
11207780
11207781
11208335
11208336
11208337
11208347
11208352
11208353
11208354
11208355
11208368
11208369
11208370
11208371
11208421
11208422
11208423
11208424
11208549
11208550
11208551
11208552
11208557
11208594
11208595
11208596
11208609
11208635
11208636
11208637
11208642
11208643
11208653
11208654
11208683
11208684
11208685
11208686
11208691
11208692
11208693
11208703
11208716
11208717
11208718
11208719
11208724
11208774
11208775
11210228
11212422
11212423
11212574
11212575
11212580
11212581
11212582
11212583
11212596
11212606
11212607
11212608
11212613
11212614
11212615
11212616
11212645
11212646
11212656
11212657
11212662
11212663
11212664
11212665
11212678
11212679
11212680
11212967
11212972
11212973
11212974
11212975
11213228
11213229
11213230
11213231
11281731
11281732
11281733
11281734
11281747
11281748
11281749
11281750
11281755
11281765
11281815
11281816
11281845
11281846
11306496
11306497
11306627
11306628
11306665
11306666
11306679
11306680
11306681
11306682
11306687
11306688
11306689
11306699
11306760
11306761
11306762
11306763
11306768
11306769
11306770
11306771
11306829
11306830
11306831
11306832
11306837
11306863
11306864
11306865
11306894
11307255
11307256
11307257
11307262
11307263
11307264
11307265
11307278
11307279
11307289
11307290
11307295
11307296
11307297
11307347
11307472
11307473
11307474
11307484
11308334
11308335
11308361
11308362
11308375
11308376
11308377
11308378
11308455
11308456
11308457
11308458
11308487
11308488
11308489
11308490
11308495
11308505
11308506
11308507
11309125
11309126
11309127
11309128
11309133
11309134
11309144
11309920
11309981
11309982
11309983
11314473
11314478
11314479
11314480
11314517
11314530
11314531
11314532
11314533
11314538
11314539
11314540
11314541
11328136
11328137
11328138
11328139
11328144
11328145
11328146
11328147
11328285
11328295
11328296
11328297
11328302
11328303
11328304
11328305
11328814
11328815
11328933
11328934
11328939
11328940
11328941
11328942
11328955
11328956
11328957
11331857
11331862
11331863
11331864
11331865
11331894
11331920
11331921
11331922
11331972
11331973
11331974
11331975
11331988
11331989
11331990
11331991
11331996
11332033
11332034
11332035
11332096
11332146
11332147
11332148
11332153
11332154
11332164
11332165
11332178
11332179
11332205
11332206
11332211
11332212
11332213
11332223
11332252
11332614
11332615
11332616
11332621
11332622
11332623
11332624
11332925
11332926
11332927
11332928
11332933
11332934
11332935
11332936
11333061
11333071
11333072
11333098
11333103
11333104
11333105
11333106
11333119
11333120
11333130
11333131
11333136
11333137
11333138
11333139
11333168
11333290
11333340
11333458
11333463
11333464
11333465
11333466
11333479
11333480
11333481
11333482
11334907
11334908
11334909
11334910
11334971
11334972
11334973
11334974
11334979
11334989
11334990
11334991
11335004
11335005
11335006
11335007
11335012
11335182
11335219
11335220
11335249
11335250
11335251
11335252
11335257
11335283
11335284
11335294
11335307
11335308
11335309
11335310
11335315
11335316
11335317
11335318
11336336
11336337
11336338
11336388
11336393
11336394
11336395
11336396
11336409
11336446
11336447
11336448
11336453
11336454
11336480
11336481
11336510
11336511
11336521
11336522
11336527
11336528
11336529
11336530
11336543
11336544
11336545
11336555
11336560
11336561
11336562
11336563
11336624
11336625
11336626
11336627
11340997
11340998
11340999
11341025
11341038
11341039
11341040
11341041
11341046
11341056
11341057
11341058
11341087
11341088
11341089
11341090
11341340
11341341
11341351
11341352
11341365
11341366
11341367
11341368
11341373
11341374
11341375
11341412
11343662
11343663
11343664
11343665
11343670
11343671
11343672
11343673
11343731
11343732
11343854
11343855
11343860
11343861
11343862
11343863
11343892
11343902
11343903
11344745
11344750
11344751
11344752
11344753
11344766
11344917
11344954
11344955
11344960
11344961
11344962
11344963
11345024
11345025
11345026
11345036
11345041
11345091
11345092
11345093
11345106
11345107
11345108
11345109
11345159
11345160
11345161
11345162
11345191
11345192
11345218
11345219
11345224
11345342
11345343
11345344
11345357
11345358
11345359
11345360
11345365
11345366
11345376
11345377
11346398
11346399
11346400
11346401
11346406
11346407
11346408
11346418
11346431
11346432
11346433
11346459
11346464
11346465
11346466
11346467
11346928
11346929
11346930
11346931
11346936
11346937
11355437
11355438
11355451
11355461
11355462
11355463
11355468
11355469
11355470
11355471
11355532
11355533
11355543
11355544
11355674
11355675
11355676
11355677
11355690
11355691
11355692
11355729
11357179
11357180
11357181
11357182
11357211
11357212
11357213
11357214
11357264
11357265
11357266
11357267
11357280
11357281
11357282
11357283
11357288
11357548
11358078
11358079
11358204
11407934
11407935
11408057
11408062
11408063
11408181
11408574
11408587
11408588
11408589
11408590
11408595
11408596
11408597
11408607
11408636
11408637
11408638
11408639
11408644
11408645
11408796
11408797
11408855
11408856
11408857
11408858
11408863
11408864
11408865
11408866
11408927
11408964
11408965
11408966
11408971
11408972
11408973
11408974
11408987
11408988
11408998
11408999
11409004
11409005
11409006
11409032
11409061
11409062
11409063
11409073
11409078
11409079
11409080
11409081
11409339
11409340
11409341
11409342
11409419
11409420
11409421
11409422
11409675
11409676
11409677
11409678
11409683
11409693
11409694
11409695
11409833
11409834
11409835
11409836
11409841
11409842
11409852
11409853
11409882
11409883
11409884
11409885
11409890
11409891
11409892
11410253
11410266
11410267
11410629
11410630
11410635
11410636
11410637
11410638
11410888
11410914
11410915
11410916
11410921
11410922
11410923
11410924
11410937
11411437
11411438
11411439
11411444
11411445
11411446
11411447
11411476
11411477
11411514
11411515
11411520
11411521
11411522
11411523
11411536
11411537
11411563
11411573
11412183
11412184
11412185
11412355
11412480
11412481
11412482
11412483
11412533
11412534
11412535
11412536
11412549
11412550
11412551
11412552
11412557
11412594
11412595
11412596
11412625
11412626
11412627
11412778
11412783
11412784
11412794
11412795
11412808
11412809
11412859
11412860
11412865
11412866
11412867
11412877
11412938
11412939
11412940
11412941
11412946
11412947
11412948
11412949
11413655
11413656
11413657
11413658
11413788
11413789
11413790
11413791
11413820
11413830
11413831
11413832
11413837
11413838
11413839
11413840
11413853
11413854
11413864
11413865
11413870
11413871
11413872
11413873
11414382
11414383
11414384
11432911
11432916
11432942
11432943
11432944
11464162
11464163
11464164
11464214
11464264
11464265
11464266
11464267
11464296
11464297
11464298
11464299
11464304
11464314
11464315
11464316
11464329
11464330
11464331
11464332
11464337
11464338
11464625
11464626
11464687
11464688
11464689
11464690
11464695
11464696
11464697
11464707
11464720
11464721
11464722
11464723
11464728
11464729
11464730
11464731
11464949
11464950
11464951
11464952
11469762
11469884
11469885
11469911
11469924
11470042
11470043
11470044
11470294
11470295
11470296
11470297
11470422
11470423
11470433
11470434
11470439
11470440
11470441
11470442
11470455
11470456
11470457
11470467
11470472
11470762
11470763
11470764
11488693
